object={
	name="reeds_01_generator_1_0"
	clamp_to_water_level=no
	render_under_water=no
	generated_content=yes
	layer="grass_layer"
	pdxmesh="reeds_06_grass_mesh"
	count=110
	transform="6334.729980 0.000000 2554.515625 0.000000 0.033415 0.000000 -0.999442 1.103630 1.103630 1.103630
6330.061035 0.000000 2548.423584 0.000000 0.454776 0.000000 -0.890606 1.109716 1.109716 1.109716
6334.523438 0.000000 2557.174072 0.000000 0.960567 0.000000 -0.278050 1.031655 1.031655 1.031655
6329.860840 0.000000 2549.946289 0.000000 0.837238 0.000000 0.546838 0.934999 0.934999 0.934999
6396.096191 0.000000 2534.632324 0.000000 0.463049 0.000000 -0.886333 1.046234 1.046234 1.046234
6365.679199 0.000000 2531.755615 0.000000 0.919761 0.000000 -0.392479 1.002014 1.002014 1.002014
6396.409180 0.000000 2518.569092 0.000000 0.839699 0.000000 0.543053 0.997134 0.997134 0.997134
6407.307129 0.000000 2543.497803 0.000000 0.991538 0.000000 -0.129819 1.063378 1.063378 1.063378
6390.486816 0.000000 2535.751709 0.000000 0.750771 0.000000 0.660563 0.942354 0.942354 0.942354
6427.839844 0.000000 2517.666748 0.000000 0.338561 0.000000 -0.940944 1.250862 1.250862 1.250862
6400.487793 0.000000 2520.849121 0.000000 0.842077 0.000000 0.539357 0.970133 0.970133 0.970133
6385.305664 0.000000 2524.711182 0.000000 0.990720 0.000000 0.135918 0.984683 0.984683 0.984683
6391.990723 0.000000 2519.064941 0.000000 0.750575 0.000000 0.660785 0.971165 0.971165 0.971165
6396.580078 0.000000 2505.723877 0.000000 0.793785 0.000000 -0.608198 1.073450 1.073450 1.073450
6373.931152 0.000000 2532.074463 0.000000 0.988290 0.000000 0.152588 0.984702 0.984702 0.984702
6361.772461 0.000000 2534.582520 0.000000 0.033414 0.000000 0.999442 0.896370 0.896370 0.896370
6377.157227 0.000000 2536.637695 0.000000 0.992924 0.000000 -0.118755 1.016939 1.016939 1.016939
6409.725098 0.000000 2535.864258 0.000000 0.901864 0.000000 0.432019 0.983271 0.983271 0.983271
6390.856445 0.000000 2538.903564 0.000000 0.965698 0.000000 -0.259670 1.008525 1.008525 1.008525
6393.610840 0.000000 2536.652344 0.000000 0.999990 0.000000 -0.004412 1.000209 1.000209 1.000209
6424.499023 0.000000 2517.135010 0.000000 0.436174 0.000000 -0.899863 1.486290 1.486290 1.486290
6398.459473 0.000000 2507.988525 0.000000 0.063362 0.000000 -0.997991 1.135478 1.135478 1.135478
6394.922363 0.000000 2532.044189 0.000000 0.590214 0.000000 -0.807247 1.105545 1.105545 1.105545
6405.219238 0.000000 2534.119629 0.000000 0.789267 0.000000 -0.614050 1.049520 1.049520 1.049520
6361.827637 0.000000 2551.648682 0.000000 0.950842 0.000000 0.309675 0.990568 0.990568 0.990568
6371.356934 0.000000 2533.093262 0.000000 0.916099 0.000000 -0.400952 1.046348 1.046348 1.046348
6368.020508 0.000000 2552.170166 0.000000 0.173031 0.000000 -0.984916 1.115084 1.115084 1.115084
6360.486816 0.000000 2549.265869 0.000000 0.569387 0.000000 -0.822069 1.060231 1.060231 1.060231
6379.368164 0.000000 2535.408691 0.000000 0.955920 0.000000 0.293628 0.981399 0.981399 0.981399
6404.178223 0.000000 2552.171875 0.000000 0.917372 0.000000 -0.398031 1.041902 1.041902 1.041902
6398.285156 0.000000 2519.973389 0.000000 0.917278 0.000000 0.398248 0.958073 0.958073 0.958073
6388.336914 0.000000 2535.600830 0.000000 0.351860 0.000000 -0.936053 1.054430 1.054430 1.054430
6378.331055 0.000000 2557.326904 0.000000 0.666719 0.000000 0.745309 0.943311 0.943311 0.943311
6398.354492 0.000000 2504.236084 0.000000 0.991909 0.000000 -0.126954 1.024153 1.024153 1.024153
6400.452148 0.000000 2554.477539 0.000000 0.700687 0.000000 -0.713469 1.156685 1.156685 1.156685
6407.822266 0.000000 2535.050049 0.000000 0.594569 0.000000 -0.804045 1.104937 1.104937 1.104937
6378.263672 0.000000 2559.439453 0.000000 0.012628 0.000000 0.999920 0.113071 0.113071 0.113071
6369.516113 0.000000 2556.664551 0.000000 0.992234 0.000000 -0.124388 1.016501 1.016501 1.016501
6405.157227 0.000000 2501.357178 0.000000 0.999637 0.000000 0.026959 0.997173 0.997173 0.997173
6411.376465 0.000000 2535.147705 0.000000 0.868375 0.000000 -0.495909 1.085497 1.085497 1.085497
6363.397461 0.000000 2544.148926 0.000000 0.966965 0.000000 -0.254910 1.016731 1.016731 1.016731
6424.409180 0.000000 2519.340576 0.000000 0.547873 0.000000 0.836561 0.883721 0.883721 0.883721
6371.972168 0.000000 2552.862793 0.000000 0.155984 0.000000 0.987760 0.851717 0.851717 0.851717
6394.469238 0.000000 2533.587158 0.000000 0.971513 0.000000 -0.236988 1.026880 1.026880 1.026880
6394.184082 0.000000 2535.220703 0.000000 0.843171 0.000000 0.537646 0.948983 0.948983 0.948983
6367.564453 0.000000 2535.195801 0.000000 0.572844 0.000000 0.819665 0.896854 0.896854 0.896854
6366.694336 0.000000 2548.182373 0.000000 0.854441 0.000000 -0.519549 1.061376 1.061376 1.061376
6407.312988 0.000000 2554.031982 0.000000 0.760055 0.000000 -0.649858 1.160711 1.160711 1.160711
6399.512695 0.000000 2519.195068 0.000000 0.322205 0.000000 0.946670 0.872795 0.872795 0.872795
6366.264648 0.000000 2535.759277 0.000000 0.994193 0.000000 -0.107610 1.011575 1.011575 1.011575
6398.967773 0.000000 2555.012451 0.000000 0.772594 0.000000 0.634900 0.811094 0.811094 0.811094
6370.176270 0.000000 2533.739746 0.000000 0.287695 0.000000 0.957722 0.856314 0.856314 0.856314
6379.650391 0.000000 2559.642334 0.000000 0.863080 0.000000 -0.505067 1.301375 1.301375 1.301375
6399.315430 0.000000 2505.134521 0.000000 0.678977 0.000000 0.734159 0.843575 0.843575 0.843575
6399.985840 0.000000 2555.590332 0.000000 0.080289 0.000000 -0.996772 1.409300 1.409300 1.409300
6444.461426 0.000000 2529.310547 0.000000 0.911390 0.000000 0.411543 0.886697 0.886697 0.886697
6448.810059 0.000000 2526.863281 0.000000 0.911342 0.000000 -0.411651 1.051901 1.051901 1.051901
6444.172363 0.000000 2528.105225 0.000000 0.418884 0.000000 0.908040 0.695850 0.695850 0.695850
6445.514160 0.000000 2529.344971 0.000000 0.764469 0.000000 0.644661 0.812854 0.812854 0.812854
6449.438477 0.000000 2529.110107 0.000000 0.570100 0.000000 -0.821575 1.479011 1.479011 1.479011
6445.588379 0.000000 2526.485352 0.000000 0.049909 0.000000 -0.998754 1.504990 1.504990 1.504990
6449.718750 0.000000 2528.353516 0.000000 0.452182 0.000000 0.891926 0.452718 0.452718 0.452718
6334.577637 0.000000 2560.200684 0.000000 0.336120 0.000000 -0.941819 1.101170 1.101170 1.101170
6346.981934 0.000000 2613.918701 0.000000 0.908429 0.000000 0.418039 0.963391 0.963391 0.963391
6353.012695 0.000000 2611.343750 0.000000 0.870115 0.000000 -0.492849 1.024446 1.024446 1.024446
6343.019531 0.000000 2575.788330 0.000000 0.656240 0.000000 0.754553 0.903948 0.903948 0.903948
6341.910156 0.000000 2564.441895 0.000000 0.993315 0.000000 -0.115438 1.008376 1.008376 1.008376
6366.877441 0.000000 2561.498535 0.000000 0.187440 0.000000 -0.982276 1.072467 1.072467 1.072467
6374.002930 0.000000 2571.504150 0.000000 0.676365 0.000000 -0.736567 1.320399 1.320399 1.320399
6363.517578 0.000000 2564.993896 0.000000 0.448515 0.000000 0.893775 0.944792 0.944792 0.944792
6362.207520 0.000000 2578.020264 0.000000 0.859806 0.000000 -0.510620 1.060206 1.060206 1.060206
6361.070312 0.000000 2572.246338 0.000000 0.921152 0.000000 -0.389204 1.020959 1.020959 1.020959
6358.709473 0.000000 2577.167969 0.000000 0.908407 0.000000 0.418087 0.975232 0.975232 0.975232
6363.194336 0.000000 2581.356934 0.000000 0.660767 0.000000 0.750591 0.930058 0.930058 0.930058
6353.366211 0.000000 2600.534668 0.000000 0.969605 0.000000 -0.244677 1.015428 1.015428 1.015428
6348.050293 0.000000 2585.580078 0.000000 0.142957 0.000000 0.989729 0.839645 0.839645 0.839645
6362.159668 0.000000 2591.758789 0.000000 0.151681 0.000000 0.988430 0.943337 0.943337 0.943337
6348.395508 0.000000 2593.598633 0.000000 0.757944 0.000000 0.652319 0.971614 0.971614 0.971614
6346.324707 0.000000 2606.783936 0.000000 0.453413 0.000000 0.891301 0.928585 0.928585 0.928585
6365.849121 0.000000 2563.957275 0.000000 0.159687 0.000000 0.987168 0.841547 0.841547 0.841547
6373.054688 0.000000 2573.546875 0.000000 0.571566 0.000000 -0.820556 1.185003 1.185003 1.185003
6355.804199 0.000000 2606.476562 0.000000 0.013699 0.000000 0.999906 0.883379 0.883379 0.883379
6363.608887 0.000000 2593.352539 0.000000 0.987241 0.000000 0.159231 0.982035 0.982035 0.982035
6360.156250 0.000000 2578.661377 0.000000 0.848319 0.000000 -0.529485 1.051543 1.051543 1.051543
6339.989258 0.000000 2565.146729 0.000000 0.949893 0.000000 0.312577 0.964285 0.964285 0.964285
6376.819824 0.000000 2574.954834 0.000000 0.306968 0.000000 -0.951720 1.122563 1.122563 1.122563
6364.651367 0.000000 2562.326172 0.000000 0.000847 0.000000 1.000000 0.823625 0.823625 0.823625
6378.128906 0.000000 2559.754639 0.000000 0.985799 0.000000 0.167929 0.903958 0.903958 0.903958
6348.922363 0.000000 2613.232178 0.000000 0.668899 0.000000 0.743353 0.905847 0.905847 0.905847
6358.726074 0.000000 2575.343506 0.000000 0.460468 0.000000 -0.887676 1.119984 1.119984 1.119984
6368.740234 0.000000 2561.738037 0.000000 0.460624 0.000000 -0.887595 1.068162 1.068162 1.068162
6360.214355 0.000000 2593.082275 0.000000 0.769147 0.000000 -0.639072 1.067503 1.067503 1.067503
6354.933105 0.000000 2608.010986 0.000000 0.930370 0.000000 -0.366621 1.042171 1.042171 1.042171
6360.760742 0.000000 2577.047607 0.000000 0.958674 0.000000 -0.284507 1.024488 1.024488 1.024488
6370.548340 0.000000 2579.348145 0.000000 0.984671 0.000000 0.174422 0.985556 0.985556 0.985556
6355.082031 0.000000 2600.130127 0.000000 0.315377 0.000000 -0.948967 1.140424 1.140424 1.140424
6363.291504 0.000000 2566.768311 0.000000 0.999246 0.000000 0.038820 0.995638 0.995638 0.995638
6389.250488 0.000000 2563.789795 0.000000 0.870280 0.000000 -0.492558 1.164581 1.164581 1.164581
6346.482422 0.000000 2616.999268 0.000000 0.965920 0.000000 -0.258842 1.034644 1.034644 1.034644
6360.567383 0.000000 2567.193848 0.000000 0.019221 0.000000 0.999815 0.841183 0.841183 0.841183
6367.219238 0.000000 2562.965332 0.000000 0.177954 0.000000 -0.984039 1.128572 1.128572 1.128572
6368.344727 0.000000 2587.470215 0.000000 0.999837 0.000000 0.018072 0.998105 0.998105 0.998105
6371.527344 0.000000 2573.208008 0.000000 0.756730 0.000000 0.653728 0.734960 0.734960 0.734960
6373.289551 0.000000 2570.372559 0.000000 0.839444 0.000000 0.543447 0.898160 0.898160 0.898160
6349.839844 0.000000 2614.262939 0.000000 0.840585 0.000000 0.541679 0.897104 0.897104 0.897104
6375.493164 0.000000 2562.800781 0.000000 0.993718 0.000000 -0.111912 1.027998 1.027998 1.027998
6374.194824 0.000000 2570.380859 0.000000 0.774704 0.000000 -0.632324 1.264897 1.264897 1.264897
6388.645020 0.000000 2563.087402 0.000000 0.859598 0.000000 -0.510970 1.171383 1.171383 1.171383
6370.751465 0.000000 2573.553223 0.000000 0.436483 0.000000 -0.899712 1.416293 1.416293 1.416293
6389.741699 0.000000 2562.107666 0.000000 0.761039 0.000000 0.648706 0.774429 0.774429 0.774429
"}
object={
	name="reeds_01_generator_1_1"
	clamp_to_water_level=no
	render_under_water=no
	generated_content=yes
	layer="grass_layer"
	pdxmesh="reeds_07_grass_mesh"
	count=88
	transform="6328.347656 0.000000 2550.075439 0.000000 0.992145 0.000000 0.125091 0.991546 0.991546 0.991546
6366.934570 0.000000 2549.810059 0.000000 0.661285 0.000000 -0.750135 1.095298 1.095298 1.095298
6362.122559 0.000000 2539.271973 0.000000 0.868872 0.000000 0.495037 0.980606 0.980606 0.980606
6406.724121 0.000000 2502.406006 0.000000 0.060041 0.000000 0.998196 0.837822 0.837822 0.837822
6392.718262 0.000000 2506.550293 0.000000 0.452378 0.000000 0.891826 0.961505 0.961505 0.961505
6393.953613 0.000000 2539.967041 0.000000 0.781610 0.000000 0.623767 0.991592 0.991592 0.991592
6394.418457 0.000000 2522.879150 0.000000 1.000000 0.000000 0.000935 0.999923 0.999923 0.999923
6359.125977 0.000000 2542.657715 0.000000 0.032889 0.000000 -0.999459 1.053752 1.053752 1.053752
6369.183105 0.000000 2546.212646 0.000000 0.831599 0.000000 -0.555376 1.013230 1.013230 1.013230
6370.939453 0.000000 2558.074219 0.000000 0.916487 0.000000 -0.400064 1.043157 1.043157 1.043157
6379.680176 0.000000 2538.999512 0.000000 0.970432 0.000000 0.241376 0.976873 0.976873 0.976873
6365.517578 0.000000 2552.897461 0.000000 0.295306 0.000000 -0.955403 1.076156 1.076156 1.076156
6362.297852 0.000000 2542.633545 0.000000 0.276222 0.000000 -0.961094 1.119247 1.119247 1.119247
6388.783203 0.000000 2518.853271 0.000000 0.210773 0.000000 0.977535 0.905041 0.905041 0.905041
6406.254883 0.000000 2554.962402 0.000000 0.999299 0.000000 -0.037448 1.008510 1.008510 1.008510
6391.471191 0.000000 2514.808105 0.000000 0.561801 0.000000 0.827273 0.956220 0.956220 0.956220
6366.491699 0.000000 2534.124268 0.000000 0.989966 0.000000 0.141303 0.984780 0.984780 0.984780
6408.069824 0.000000 2500.192871 0.000000 0.650422 0.000000 -0.759573 1.077532 1.077532 1.077532
6386.606445 0.000000 2517.522461 0.000000 0.447554 0.000000 0.894257 0.947501 0.947501 0.947501
6360.362793 0.000000 2544.611816 0.000000 0.299596 0.000000 -0.954066 1.101182 1.101182 1.101182
6364.589844 0.000000 2550.764893 0.000000 0.670470 0.000000 -0.741937 1.066784 1.066784 1.066784
6337.367676 0.000000 2558.417969 0.000000 0.453905 0.000000 0.891050 0.920385 0.920385 0.920385
6375.543945 0.000000 2554.049805 0.000000 0.549582 0.000000 -0.835440 1.111101 1.111101 1.111101
6403.500977 0.000000 2499.481445 0.000000 0.970570 0.000000 0.240818 0.972677 0.972677 0.972677
6372.192383 0.000000 2556.393799 0.000000 0.041300 0.000000 -0.999147 1.122190 1.122190 1.122190
6372.419434 0.000000 2551.045410 0.000000 0.915702 0.000000 -0.401859 1.024778 1.024778 1.024778
6377.679199 0.000000 2538.652832 0.000000 0.175656 0.000000 0.984452 0.843366 0.843366 0.843366
6361.270996 0.000000 2540.996582 0.000000 0.902984 0.000000 -0.429675 1.028829 1.028829 1.028829
6363.042480 0.000000 2536.166016 0.000000 0.668043 0.000000 0.744123 0.905718 0.905718 0.905718
6369.608398 0.000000 2553.309570 0.000000 0.700712 0.000000 0.713444 0.934552 0.934552 0.934552
6393.251465 0.000000 2508.282471 0.000000 0.790481 0.000000 0.612487 0.925942 0.925942 0.925942
6365.151855 0.000000 2549.059082 0.000000 0.428256 0.000000 -0.903657 1.129568 1.129568 1.129568
6390.453125 0.000000 2544.623535 0.000000 0.762498 0.000000 -0.646990 1.096616 1.096616 1.096616
6404.999023 0.000000 2535.833984 0.000000 0.302536 0.000000 -0.953138 1.094627 1.094627 1.094627
6391.497559 0.000000 2537.160156 0.000000 0.950653 0.000000 -0.310255 1.035440 1.035440 1.035440
6365.011719 0.000000 2533.276611 0.000000 0.988160 0.000000 -0.153428 1.014229 1.014229 1.014229
6388.888184 0.000000 2547.347412 0.000000 0.673540 0.000000 0.739151 0.867094 0.867094 0.867094
6406.728516 0.000000 2534.029541 0.000000 0.698593 0.000000 0.715519 0.910420 0.910420 0.910420
6370.029785 0.000000 2555.289551 0.000000 0.430733 0.000000 -0.902479 1.112394 1.112394 1.112394
6391.000977 0.000000 2547.639648 0.000000 0.990735 0.000000 0.135808 0.965309 0.965309 0.965309
6372.448242 0.000000 2532.071533 0.000000 0.286975 0.000000 -0.957938 1.127796 1.127796 1.127796
6389.645020 0.000000 2517.248779 0.000000 0.669398 0.000000 -0.742904 1.094077 1.094077 1.094077
6405.357910 0.000000 2555.910645 0.000000 0.552265 0.000000 -0.833669 1.152575 1.152575 1.152575
6410.048340 0.000000 2537.003174 0.000000 0.158157 0.000000 -0.987414 1.377181 1.377181 1.377181
6406.919434 0.000000 2542.370850 0.000000 0.984495 0.000000 -0.175414 1.085840 1.085840 1.085840
6396.939941 0.000000 2559.225342 0.000000 0.321157 0.000000 0.947026 0.344777 0.344777 0.344777
6411.066895 0.000000 2538.333740 0.000000 0.987578 0.000000 -0.157128 1.050815 1.050815 1.050815
6411.148438 0.000000 2533.999756 0.000000 0.755234 0.000000 -0.655456 1.328347 1.328347 1.328347
6398.164551 0.000000 2555.667480 0.000000 0.657458 0.000000 -0.753492 1.234349 1.234349 1.234349
6411.911621 0.000000 2536.266357 0.000000 0.150755 0.000000 -0.988571 1.379183 1.379183 1.379183
6391.784668 0.000000 2547.156006 0.000000 0.699115 0.000000 0.715009 0.797138 0.797138 0.797138
6411.611328 0.000000 2532.659912 0.000000 0.641869 0.000000 -0.766814 1.401422 1.401422 1.401422
6424.046875 0.000000 2517.876709 0.000000 0.024990 0.000000 -0.999688 1.671496 1.671496 1.671496
6396.553223 0.000000 2547.860352 0.000000 0.343833 0.000000 0.939031 0.397032 0.397032 0.397032
6360.392578 0.000000 2580.817139 0.000000 0.185730 0.000000 0.982601 0.906710 0.906710 0.906710
6373.859863 0.000000 2575.650879 0.000000 0.832251 0.000000 -0.554399 1.008802 1.008802 1.008802
6369.117676 0.000000 2582.725098 0.000000 0.999586 0.000000 -0.028759 1.000503 1.000503 1.000503
6362.782715 0.000000 2561.714111 0.000000 0.854784 0.000000 0.518984 0.994551 0.994551 0.994551
6351.007812 0.000000 2592.479004 0.000000 0.986790 0.000000 -0.162006 1.003250 1.003250 1.003250
6360.861328 0.000000 2575.226562 0.000000 0.154856 0.000000 -0.987937 1.159003 1.159003 1.159003
6356.200195 0.000000 2601.323730 0.000000 0.858721 0.000000 0.512443 0.973136 0.973136 0.973136
6346.311523 0.000000 2591.824219 0.000000 0.957818 0.000000 -0.287377 1.016737 1.016737 1.016737
6371.412598 0.000000 2586.498291 0.000000 0.923445 0.000000 0.383731 0.983285 0.983285 0.983285
6352.416992 0.000000 2615.140869 0.000000 0.655821 0.000000 -0.754916 1.091842 1.091842 1.091842
6338.302734 0.000000 2564.012207 0.000000 0.999727 0.000000 -0.023364 1.002625 1.002625 1.002625
6377.369141 0.000000 2576.909668 0.000000 0.999387 0.000000 -0.035003 1.003234 1.003234 1.003234
6347.796875 0.000000 2604.522217 0.000000 0.900828 0.000000 -0.434176 1.024668 1.024668 1.024668
6355.769531 0.000000 2609.516602 0.000000 0.757609 0.000000 -0.652709 1.079894 1.079894 1.079894
6339.211914 0.000000 2567.012451 0.000000 0.992711 0.000000 0.120518 0.991856 0.991856 0.991856
6358.044434 0.000000 2573.612549 0.000000 0.984448 0.000000 -0.175674 1.009258 1.009258 1.009258
6364.547852 0.000000 2589.942627 0.000000 0.159247 0.000000 -0.987239 1.105669 1.105669 1.105669
6373.403320 0.000000 2561.065430 0.000000 0.581313 0.000000 0.813680 0.919323 0.919323 0.919323
6346.791504 0.000000 2582.887451 0.000000 0.867393 0.000000 0.497624 0.970092 0.970092 0.970092
6350.406250 0.000000 2605.336182 0.000000 0.282270 0.000000 -0.959335 1.051314 1.051314 1.051314
6369.458008 0.000000 2588.295654 0.000000 0.956816 0.000000 -0.290695 1.011045 1.011045 1.011045
6341.918457 0.000000 2574.256836 0.000000 0.197458 0.000000 0.980311 0.869837 0.869837 0.869837
6375.850098 0.000000 2571.763672 0.000000 0.987509 0.000000 -0.157559 1.061225 1.061225 1.061225
6348.235352 0.000000 2591.773193 0.000000 0.900260 0.000000 -0.435353 1.050603 1.050603 1.050603
6347.233887 0.000000 2615.699219 0.000000 0.537572 0.000000 -0.843218 1.180334 1.180334 1.180334
6361.606445 0.000000 2579.616211 0.000000 0.191844 0.000000 0.981425 0.872734 0.872734 0.872734
6374.660156 0.000000 2560.233398 0.000000 0.329340 0.000000 0.944211 0.861233 0.861233 0.861233
6368.584473 0.000000 2584.213135 0.000000 0.966617 0.000000 0.256225 0.970890 0.970890 0.970890
6348.265137 0.000000 2614.719238 0.000000 0.762099 0.000000 -0.647461 1.126590 1.126590 1.126590
6375.265625 0.000000 2575.207275 0.000000 0.215030 0.000000 0.976608 0.847877 0.847877 0.847877
6365.975586 0.000000 2562.489014 0.000000 0.586997 0.000000 0.809589 0.894008 0.894008 0.894008
6375.079590 0.000000 2570.750000 0.000000 0.839700 0.000000 -0.543050 1.222143 1.222143 1.222143
6373.172852 0.000000 2572.340820 0.000000 0.655675 0.000000 -0.755043 1.164499 1.164499 1.164499
6389.708984 0.000000 2564.512207 0.000000 0.999918 0.000000 -0.012774 1.003699 1.003699 1.003699
"}
object={
	name="reeds_01_generator_1_2"
	clamp_to_water_level=no
	render_under_water=no
	generated_content=yes
	layer="grass_layer"
	pdxmesh="reeds_01_tall_grass_mesh"
	count=191
	transform="6332.724609 0.000000 2556.174316 0.000000 0.355075 0.000000 -0.934838 1.021107 1.021107 1.021107
6328.816406 0.000000 2546.155518 0.000000 0.999061 0.000000 0.043327 0.998052 0.998052 0.998052
6331.095703 0.000000 2550.785645 0.000000 0.894271 0.000000 -0.447525 1.027801 1.027801 1.027801
6334.291016 0.000000 2559.233154 0.000000 0.798922 0.000000 -0.601435 1.045108 1.045108 1.045108
6328.061035 0.000000 2548.122803 0.000000 0.252934 0.000000 -0.967484 1.147743 1.147743 1.147743
6329.441406 0.000000 2551.803467 0.000000 0.882258 0.000000 0.470765 0.966960 0.966960 0.966960
6331.506348 0.000000 2549.214600 0.000000 0.233222 0.000000 -0.972423 1.133356 1.133356 1.133356
6372.980957 0.000000 2535.699463 0.000000 0.806500 0.000000 -0.591234 1.017372 1.017372 1.017372
6406.550293 0.000000 2536.725586 0.000000 0.084891 0.000000 0.996390 0.851625 0.851625 0.851625
6388.985840 0.000000 2515.753662 0.000000 0.996993 0.000000 0.077490 0.994578 0.994578 0.994578
6374.019043 0.000000 2555.474609 0.000000 0.079870 0.000000 -0.996805 1.167488 1.167488 1.167488
6400.512207 0.000000 2504.674316 0.000000 0.118365 0.000000 0.992970 0.880363 0.880363 0.880363
6411.808594 0.000000 2539.142822 0.000000 0.935753 0.000000 0.352657 0.883928 0.883928 0.883928
6368.553711 0.000000 2554.905273 0.000000 0.689831 0.000000 -0.723970 1.119242 1.119242 1.119242
6376.190918 0.000000 2539.849854 0.000000 0.824904 0.000000 -0.565273 1.067493 1.067493 1.067493
6396.533691 0.000000 2547.027344 0.000000 0.261739 0.000000 0.965139 0.354436 0.354436 0.354436
6363.039551 0.000000 2549.072021 0.000000 0.816868 0.000000 -0.576824 1.069074 1.069074 1.069074
6403.046875 0.000000 2501.477539 0.000000 0.718297 0.000000 -0.695737 1.086443 1.086443 1.086443
6370.583008 0.000000 2551.790527 0.000000 0.267216 0.000000 -0.963637 1.064925 1.064925 1.064925
6335.675293 0.000000 2556.874756 0.000000 0.819443 0.000000 -0.573160 1.068570 1.068570 1.068570
6389.222168 0.000000 2545.833984 0.000000 0.392203 0.000000 -0.919879 1.099123 1.099123 1.099123
6399.153809 0.000000 2552.777344 0.000000 0.997958 0.000000 -0.063879 1.006064 1.006064 1.006064
6395.215332 0.000000 2508.921631 0.000000 0.409963 0.000000 -0.912102 1.129015 1.129015 1.129015
6399.427734 0.000000 2501.367432 0.000000 0.469333 0.000000 0.883021 0.948664 0.948664 0.948664
6397.738770 0.000000 2522.828369 0.000000 0.725128 0.000000 0.688614 0.918458 0.918458 0.918458
6385.784180 0.000000 2527.932373 0.000000 0.155815 0.000000 -0.987786 1.077682 1.077682 1.077682
6426.564453 0.000000 2514.773193 0.000000 0.980062 0.000000 -0.198693 1.022971 1.022971 1.022971
6405.534180 0.000000 2499.537842 0.000000 0.527109 0.000000 -0.849798 1.109026 1.109026 1.109026
6362.437988 0.000000 2545.697021 0.000000 0.896439 0.000000 0.443168 0.970198 0.970198 0.970198
6399.412598 0.000000 2517.602051 0.000000 0.233647 0.000000 -0.972321 1.073322 1.073322 1.073322
6365.517578 0.000000 2547.226807 0.000000 0.109562 0.000000 0.993980 0.919755 0.919755 0.919755
6373.698730 0.000000 2552.550781 0.000000 0.828104 0.000000 -0.560574 1.072796 1.072796 1.072796
6371.352051 0.000000 2554.542969 0.000000 0.268696 0.000000 0.963225 0.870304 0.870304 0.870304
6367.839844 0.000000 2557.851807 0.000000 0.416155 0.000000 -0.909294 1.048450 1.048450 1.048450
6387.070312 0.000000 2522.470215 0.000000 0.998926 0.000000 0.046341 0.997917 0.997917 0.997917
6392.965332 0.000000 2534.145264 0.000000 0.993468 0.000000 0.114114 0.990578 0.990578 0.990578
6378.082031 0.000000 2541.944824 0.000000 0.465726 0.000000 0.884929 0.926773 0.926773 0.926773
6394.481445 0.000000 2520.206055 0.000000 0.941273 0.000000 -0.337647 1.030095 1.030095 1.030095
6397.151855 0.000000 2558.103516 0.000000 0.741164 0.000000 -0.671324 1.387701 1.387701 1.387701
6361.238770 0.000000 2536.987305 0.000000 0.413929 0.000000 0.910309 0.882899 0.882899 0.882899
6407.669922 0.000000 2552.670166 0.000000 0.977406 0.000000 -0.211372 1.031903 1.031903 1.031903
6391.134766 0.000000 2517.001709 0.000000 0.594345 0.000000 0.804210 0.932353 0.932353 0.932353
6335.704102 0.000000 2554.333496 0.000000 0.975560 0.000000 -0.219733 1.014933 1.014933 1.014933
6397.027832 0.000000 2532.635254 0.000000 0.728196 0.000000 -0.685369 1.039589 1.039589 1.039589
6368.209473 0.000000 2548.064209 0.000000 0.094549 0.000000 -0.995520 1.070018 1.070018 1.070018
6396.310059 0.000000 2521.193359 0.000000 0.099417 0.000000 -0.995046 1.165283 1.165283 1.165283
6401.119629 0.000000 2502.574707 0.000000 0.949586 0.000000 0.313507 0.964175 0.964175 0.964175
6363.717773 0.000000 2537.885742 0.000000 0.543620 0.000000 0.839331 0.888099 0.888099 0.888099
6394.554199 0.000000 2547.991211 0.000000 0.981439 0.000000 -0.191776 1.024570 1.024570 1.024570
6391.348633 0.000000 2546.098145 0.000000 0.614430 0.000000 0.788972 0.768491 0.768491 0.768491
6363.812500 0.000000 2534.481689 0.000000 0.643116 0.000000 -0.765769 1.065327 1.065327 1.065327
6393.600586 0.000000 2510.084473 0.000000 0.395750 0.000000 -0.918358 1.113325 1.113325 1.113325
6394.856934 0.000000 2507.003906 0.000000 0.985733 0.000000 -0.168317 1.010556 1.010556 1.010556
6428.520020 0.000000 2514.939941 0.000000 0.242342 0.000000 -0.970191 1.148971 1.148971 1.148971
6425.942383 0.000000 2518.456543 0.000000 0.616896 0.000000 0.787044 0.893692 0.893692 0.893692
6389.556641 0.000000 2537.494629 0.000000 0.998533 0.000000 0.054156 0.996483 0.996483 0.996483
6400.884766 0.000000 2518.975830 0.000000 0.521258 0.000000 -0.853399 1.114869 1.114869 1.114869
6335.499512 0.000000 2558.942627 0.000000 0.347946 0.000000 0.937515 0.915038 0.915038 0.915038
6375.130371 0.000000 2557.014893 0.000000 0.890012 0.000000 0.455938 0.952723 0.952723 0.952723
6411.270508 0.000000 2537.260986 0.000000 0.369581 0.000000 -0.929199 1.318483 1.318483 1.318483
6369.277832 0.000000 2559.059814 0.000000 0.093796 0.000000 0.995591 0.834082 0.834082 0.834082
6366.718262 0.000000 2554.453613 0.000000 0.632928 0.000000 0.774211 0.885048 0.885048 0.885048
6398.461914 0.000000 2506.114014 0.000000 0.277949 0.000000 0.960596 0.884138 0.884138 0.884138
6379.668945 0.000000 2540.895264 0.000000 0.982641 0.000000 0.185516 0.987422 0.987422 0.987422
6372.632324 0.000000 2530.647217 0.000000 0.632115 0.000000 0.774875 0.938029 0.938029 0.938029
6373.266113 0.000000 2533.872803 0.000000 0.646634 0.000000 -0.762801 1.086644 1.086644 1.086644
6367.637207 0.000000 2532.716797 0.000000 0.234568 0.000000 -0.972100 1.149870 1.149870 1.149870
6408.306641 0.000000 2503.413574 0.000000 0.975677 0.000000 -0.219211 1.024829 1.024829 1.024829
6404.851074 0.000000 2553.867920 0.000000 0.981835 0.000000 0.189739 0.980460 0.980460 0.980460
6396.677734 0.000000 2507.707764 0.000000 0.942017 0.000000 -0.335565 1.038445 1.038445 1.038445
6426.369629 0.000000 2516.568115 0.000000 0.998600 0.000000 0.052898 0.989166 0.989166 0.989166
6409.292969 0.000000 2501.378174 0.000000 0.129736 0.000000 -0.991549 1.129483 1.129483 1.129483
6395.736816 0.000000 2510.527344 0.000000 0.823305 0.000000 -0.567600 1.052741 1.052741 1.052741
6376.711426 0.000000 2534.953125 0.000000 0.700309 0.000000 -0.713840 1.073433 1.073433 1.073433
6366.461914 0.000000 2551.442871 0.000000 0.516375 0.000000 0.856363 0.897324 0.897324 0.897324
6429.312012 0.000000 2516.909180 0.000000 0.362238 0.000000 -0.932086 1.242690 1.242690 1.242690
6373.078125 0.000000 2554.109863 0.000000 0.524367 0.000000 0.851492 0.855018 0.855018 0.855018
6392.275879 0.000000 2535.652344 0.000000 0.235974 0.000000 0.971759 0.890214 0.890214 0.890214
6407.956055 0.000000 2555.585205 0.000000 0.731688 0.000000 0.681640 0.829610 0.829610 0.829610
6396.039062 0.000000 2522.822998 0.000000 0.892473 0.000000 0.451101 0.949760 0.949760 0.949760
6405.823242 0.000000 2552.556885 0.000000 0.419910 0.000000 -0.907566 1.116428 1.116428 1.116428
6378.673828 0.000000 2537.351807 0.000000 0.600954 0.000000 0.799283 0.902894 0.902894 0.902894
6399.546875 0.000000 2503.174316 0.000000 0.267845 0.000000 0.963462 0.828035 0.828035 0.828035
6388.258789 0.000000 2517.179199 0.000000 0.291602 0.000000 -0.956540 1.143228 1.143228 1.143228
6388.756836 0.000000 2544.307861 0.000000 0.948182 0.000000 -0.317727 1.027445 1.027445 1.027445
6377.651855 0.000000 2540.421631 0.000000 0.720038 0.000000 -0.693934 1.063185 1.063185 1.063185
6406.674316 0.000000 2500.871094 0.000000 0.724958 0.000000 0.688794 0.935504 0.935504 0.935504
6360.685059 0.000000 2542.759521 0.000000 0.486753 0.000000 -0.873539 1.119358 1.119358 1.119358
6396.538574 0.000000 2504.232178 0.000000 0.974254 0.000000 -0.225455 1.025548 1.025548 1.025548
6398.224121 0.000000 2502.525635 0.000000 0.949909 0.000000 -0.312525 1.042057 1.042057 1.042057
6427.974121 0.000000 2516.224365 0.000000 0.600738 0.000000 0.799446 0.810356 0.810356 0.810356
6401.806641 0.000000 2554.906982 0.000000 0.981969 0.000000 -0.189040 1.037509 1.037509 1.037509
6367.936523 0.000000 2553.625488 0.000000 0.586984 0.000000 -0.809599 1.117771 1.117771 1.117771
6404.150391 0.000000 2555.035889 0.000000 0.904016 0.000000 -0.427498 1.068373 1.068373 1.068373
6402.189941 0.000000 2499.710693 0.000000 0.742476 0.000000 -0.669873 1.082465 1.082465 1.082465
6362.304688 0.000000 2537.948242 0.000000 0.502329 0.000000 0.864677 0.882655 0.882655 0.882655
6366.845703 0.000000 2552.872803 0.000000 0.507790 0.000000 -0.861481 1.129593 1.129593 1.129593
6410.783203 0.000000 2532.930420 0.000000 0.980182 0.000000 -0.198100 1.091606 1.091606 1.091606
6390.037598 0.000000 2546.847900 0.000000 0.972871 0.000000 0.231350 0.940549 0.940549 0.940549
6410.456543 0.000000 2539.242676 0.000000 0.537021 0.000000 0.843569 0.676691 0.676691 0.676691
6368.293945 0.000000 2556.677979 0.000000 0.738898 0.000000 0.673817 0.902170 0.902170 0.902170
6406.101562 0.000000 2553.734619 0.000000 0.411505 0.000000 -0.911408 1.171766 1.171766 1.171766
6379.042969 0.000000 2558.359375 0.000000 0.345609 0.000000 -0.938379 1.693249 1.693249 1.693249
6372.418945 0.000000 2555.092285 0.000000 0.586310 0.000000 0.810087 0.865623 0.865623 0.865623
6410.280762 0.000000 2534.708984 0.000000 0.735073 0.000000 -0.677988 1.122759 1.122759 1.122759
6426.703125 0.000000 2517.631836 0.000000 0.943046 0.000000 0.332663 0.930575 0.930575 0.930575
6425.599121 0.000000 2517.390625 0.000000 0.970105 0.000000 0.242684 0.893515 0.893515 0.893515
6410.994141 0.000000 2536.199219 0.000000 0.822148 0.000000 -0.569274 1.161780 1.161780 1.161780
6424.094727 0.000000 2516.168945 0.000000 0.969897 0.000000 -0.243515 1.106857 1.106857 1.106857
6397.546387 0.000000 2547.253418 0.000000 0.970469 0.000000 0.241227 0.879570 0.879570 0.879570
6425.133789 0.000000 2516.341797 0.000000 0.794477 0.000000 -0.607294 1.283511 1.283511 1.283511
6396.148926 0.000000 2558.260986 0.000000 0.377807 0.000000 0.925884 0.376634 0.376634 0.376634
6407.821777 0.000000 2542.259521 0.000000 0.623680 0.000000 0.781680 0.563144 0.563144 0.563144
6397.610840 0.000000 2546.356689 0.000000 0.996760 0.000000 -0.080428 1.039800 1.039800 1.039800
6406.492188 0.000000 2543.135986 0.000000 0.349966 0.000000 0.936763 0.409351 0.409351 0.409351
6444.827148 0.000000 2527.071533 0.000000 0.948277 0.000000 0.317445 0.892740 0.892740 0.892740
6448.789551 0.000000 2529.896240 0.000000 0.373940 0.000000 0.927453 0.410013 0.410013 0.410013
6445.881836 0.000000 2528.404297 0.000000 0.884208 0.000000 0.467093 0.870174 0.870174 0.870174
6448.884277 0.000000 2528.322266 0.000000 0.416737 0.000000 0.909027 0.433164 0.433164 0.433164
6444.198242 0.000000 2526.223389 0.000000 0.973517 0.000000 -0.228614 1.076586 1.076586 1.076586
6445.841309 0.000000 2527.313232 0.000000 0.698776 0.000000 0.715340 0.735327 0.735327 0.735327
6448.066895 0.000000 2528.834229 0.000000 0.354629 0.000000 -0.935007 1.600289 1.600289 1.600289
6444.988770 0.000000 2528.568604 0.000000 0.941141 0.000000 -0.338013 1.092108 1.092108 1.092108
6336.953613 0.000000 2560.505127 0.000000 0.534790 0.000000 -0.844985 1.113079 1.113079 1.113079
6357.991211 0.000000 2606.934082 0.000000 0.616546 0.000000 0.787319 0.959266 0.959266 0.959266
6366.890625 0.000000 2587.618164 0.000000 0.355381 0.000000 -0.934722 1.099479 1.099479 1.099479
6348.971191 0.000000 2607.739746 0.000000 0.600465 0.000000 0.799651 0.895889 0.895889 0.895889
6361.482910 0.000000 2594.414795 0.000000 0.893607 0.000000 -0.448849 1.029052 1.029052 1.029052
6353.194824 0.000000 2606.914307 0.000000 0.996262 0.000000 0.086378 0.997193 0.997193 0.997193
6387.749512 0.000000 2563.221680 0.000000 0.227524 0.000000 0.973772 0.979909 0.979909 0.979909
6349.751465 0.000000 2583.091309 0.000000 0.945087 0.000000 0.326818 0.975896 0.975896 0.975896
6374.739258 0.000000 2563.842285 0.000000 0.929159 0.000000 0.369682 0.905464 0.905464 0.905464
6340.024414 0.000000 2573.774902 0.000000 0.619464 0.000000 0.785025 0.966194 0.966194 0.966194
6346.963379 0.000000 2588.239990 0.000000 0.619721 0.000000 0.784822 0.966206 0.966206 0.966206
6371.909180 0.000000 2580.278076 0.000000 0.976836 0.000000 0.213989 0.981694 0.981694 0.981694
6355.523926 0.000000 2614.268066 0.000000 0.378007 0.000000 -0.925803 1.132921 1.132921 1.132921
6367.875977 0.000000 2590.492188 0.000000 0.628638 0.000000 0.777698 0.926594 0.926594 0.926594
6348.322754 0.000000 2620.498047 0.000000 0.362847 0.000000 0.931849 0.892196 0.892196 0.892196
6362.000000 0.000000 2567.714844 0.000000 0.498817 0.000000 -0.866707 1.117800 1.117800 1.117800
6349.453613 0.000000 2615.479492 0.000000 0.889587 0.000000 -0.456765 1.085266 1.085266 1.085266
6355.344238 0.000000 2598.541504 0.000000 0.981057 0.000000 0.193722 0.992699 0.992699 0.992699
6349.273438 0.000000 2590.078857 0.000000 0.263253 0.000000 -0.964727 1.146543 1.146543 1.146543
6366.756348 0.000000 2584.679688 0.000000 0.723906 0.000000 -0.689899 1.047519 1.047519 1.047519
6389.476074 0.000000 2565.364502 0.000000 0.699504 0.000000 -0.714629 1.230548 1.230548 1.230548
6335.734375 0.000000 2562.968018 0.000000 0.353599 0.000000 0.935397 0.930557 0.930557 0.930557
6369.085449 0.000000 2559.776367 0.000000 0.719290 0.000000 0.694710 0.913717 0.913717 0.913717
6347.953125 0.000000 2617.453369 0.000000 0.606054 0.000000 -0.795424 1.121693 1.121693 1.121693
6369.136230 0.000000 2585.561768 0.000000 0.634814 0.000000 -0.772665 1.099203 1.099203 1.099203
6360.990723 0.000000 2569.874756 0.000000 0.879239 0.000000 -0.476381 1.032230 1.032230 1.032230
6364.781250 0.000000 2560.359619 0.000000 0.883163 0.000000 0.469065 0.971965 0.971965 0.971965
6340.556641 0.000000 2575.999023 0.000000 0.792975 0.000000 0.609254 0.937850 0.937850 0.937850
6371.459961 0.000000 2559.768311 0.000000 0.947862 0.000000 -0.318682 1.034009 1.034009 1.034009
6355.119629 0.000000 2611.997803 0.000000 0.145663 0.000000 0.989334 0.875518 0.875518 0.875518
6353.709473 0.000000 2609.247314 0.000000 0.937298 0.000000 0.348530 0.980447 0.980447 0.980447
6354.361816 0.000000 2615.986084 0.000000 0.372475 0.000000 0.928042 0.866408 0.866408 0.866408
6353.490723 0.000000 2613.375977 0.000000 0.223365 0.000000 0.974735 0.858914 0.858914 0.858914
6370.080566 0.000000 2580.959717 0.000000 0.731494 0.000000 -0.681848 1.063686 1.063686 1.063686
6375.216309 0.000000 2561.817627 0.000000 0.883025 0.000000 0.469326 0.945117 0.945117 0.945117
6372.099609 0.000000 2571.758545 0.000000 0.649279 0.000000 0.760550 0.846823 0.846823 0.846823
6373.704102 0.000000 2579.901123 0.000000 0.277973 0.000000 0.960589 0.858393 0.858393 0.858393
6366.308594 0.000000 2589.431885 0.000000 0.997298 0.000000 -0.073460 1.008260 1.008260 1.008260
6375.533203 0.000000 2576.580566 0.000000 0.813989 0.000000 -0.580880 1.066537 1.066537 1.066537
6363.460449 0.000000 2579.420410 0.000000 0.986319 0.000000 -0.164846 1.018605 1.018605 1.018605
6357.283203 0.000000 2608.597900 0.000000 0.747314 0.000000 -0.664471 1.047176 1.047176 1.047176
6348.704590 0.000000 2588.432129 0.000000 0.817654 0.000000 0.575710 0.955585 0.955585 0.955585
6346.966797 0.000000 2619.320801 0.000000 0.471584 0.000000 -0.881821 1.113213 1.113213 1.113213
6373.279297 0.000000 2562.806885 0.000000 0.488126 0.000000 -0.872773 1.201284 1.201284 1.201284
6365.111328 0.000000 2588.141846 0.000000 0.732892 0.000000 -0.680345 1.056040 1.056040 1.056040
6348.880371 0.000000 2618.970947 0.000000 0.815737 0.000000 -0.578423 1.069293 1.069293 1.069293
6367.663574 0.000000 2586.223389 0.000000 0.228762 0.000000 0.973482 0.889603 0.889603 0.889603
6370.070801 0.000000 2573.073730 0.000000 0.801890 0.000000 0.597471 0.761801 0.761801 0.761801
6346.746094 0.000000 2584.552490 0.000000 0.994273 0.000000 -0.106870 1.009356 1.009356 1.009356
6367.883789 0.000000 2588.821289 0.000000 0.745521 0.000000 0.666482 0.918047 0.918047 0.918047
6372.972168 0.000000 2581.417725 0.000000 0.981802 0.000000 0.189905 0.978535 0.978535 0.978535
6354.635742 0.000000 2610.543457 0.000000 0.584651 0.000000 -0.811285 1.082691 1.082691 1.082691
6349.550781 0.000000 2617.011230 0.000000 0.895431 0.000000 -0.445200 1.049532 1.049532 1.049532
6352.158203 0.000000 2612.653809 0.000000 0.494618 0.000000 0.869110 0.889546 0.889546 0.889546
6336.987793 0.000000 2562.188721 0.000000 0.223594 0.000000 -0.974682 1.124268 1.124268 1.124268
6369.949219 0.000000 2586.824463 0.000000 0.255703 0.000000 -0.966755 1.137593 1.137593 1.137593
6349.745117 0.000000 2591.716797 0.000000 0.998923 0.000000 -0.046404 1.005215 1.005215 1.005215
6388.958496 0.000000 2562.225098 0.000000 0.721196 0.000000 -0.692731 1.244548 1.244548 1.244548
6349.521973 0.000000 2606.439453 0.000000 0.152490 0.000000 0.988305 0.840728 0.840728 0.840728
6363.882324 0.000000 2578.058594 0.000000 0.931006 0.000000 -0.365003 1.041976 1.041976 1.041976
6364.413574 0.000000 2563.865723 0.000000 0.490834 0.000000 -0.871253 1.118832 1.118832 1.118832
6362.181152 0.000000 2593.207275 0.000000 0.078043 0.000000 0.996950 0.832306 0.832306 0.832306
6388.395020 0.000000 2564.707275 0.000000 0.399298 0.000000 -0.916821 1.335948 1.335948 1.335948
6396.072266 0.000000 2559.957275 0.000000 0.825285 0.000000 -0.564717 1.316110 1.316110 1.316110
6370.972168 0.000000 2572.220947 0.000000 0.949579 0.000000 -0.313528 1.118629 1.118629 1.118629
6374.407227 0.000000 2562.639404 0.000000 0.740263 0.000000 0.672317 0.815921 0.815921 0.815921
6379.306641 0.000000 2559.811768 0.000000 0.106551 0.000000 -0.994307 1.833352 1.833352 1.833352
6389.524902 0.000000 2562.877441 0.000000 0.998360 0.000000 0.057245 0.981697 0.981697 0.981697
"}
