object={
	name="tree_jungle_01_d_generator_1_0"
	clamp_to_water_level=no
	render_under_water=no
	generated_content=yes
	layer="tree_high_layer"
	pdxmesh="tree_jungle_01_d_mesh"
	count=897
	transform="3668.518555 0.000000 2477.921387 0.000000 0.846401 0.000000 0.532546 0.740536 0.740536 0.740536
3681.113525 0.000000 2480.741699 0.000000 0.841376 0.000000 0.540450 0.732894 0.732894 0.732894
3660.823486 0.000000 2487.674805 0.000000 0.999907 0.000000 -0.013615 0.751377 0.751377 0.751377
3662.449707 0.000000 2493.634033 0.000000 0.907423 0.000000 0.420218 0.723203 0.723203 0.723203
3660.881104 0.000000 2490.656006 0.000000 0.493248 0.000000 -0.869889 0.791482 0.791482 0.791482
3673.150879 0.000000 2477.431396 0.000000 0.806350 0.000000 0.591439 0.707342 0.707342 0.707342
3670.653564 0.000000 2477.390381 0.000000 0.933049 0.000000 -0.359748 0.783074 0.783074 0.783074
3662.415771 0.000000 2491.535889 0.000000 0.334817 0.000000 -0.942283 0.892719 0.892719 0.892719
3818.067871 0.000000 2458.612061 0.000000 0.526952 0.000000 -0.849895 0.778530 0.778530 0.778530
3803.085693 0.000000 2478.635498 0.000000 0.141583 0.000000 0.989926 0.715223 0.715223 0.715223
3775.263672 0.000000 2484.881836 0.000000 0.359676 0.000000 -0.933077 0.754505 0.754505 0.754505
3816.915527 0.000000 2474.122559 0.000000 0.841796 0.000000 0.539796 0.745729 0.745729 0.745729
3789.900635 0.000000 2477.882324 0.000000 0.902941 0.000000 0.429765 0.735028 0.735028 0.735028
3834.839600 0.000000 2460.702637 0.000000 0.957218 0.000000 -0.289368 0.771987 0.771987 0.771987
3765.445801 0.000000 2491.230957 0.000000 0.867934 0.000000 0.496680 0.746107 0.746107 0.746107
3825.035889 0.000000 2466.148438 0.000000 0.994278 0.000000 -0.106819 0.757014 0.757014 0.757014
3765.708008 0.000000 2481.035645 0.000000 0.905487 0.000000 0.424373 0.743435 0.743435 0.743435
3782.882324 0.000000 2489.972412 0.000000 0.108527 0.000000 0.994093 0.725362 0.725362 0.725362
3780.461914 0.000000 2477.871582 0.000000 0.663757 0.000000 0.747948 0.743672 0.743672 0.743672
3826.519043 0.000000 2457.847656 0.000000 0.928110 0.000000 -0.372306 0.764286 0.764286 0.764286
3809.431396 0.000000 2474.455078 0.000000 0.977772 0.000000 -0.209670 0.762261 0.762261 0.762261
3816.244141 0.000000 2466.981934 0.000000 0.657525 0.000000 0.753433 0.721242 0.721242 0.721242
3773.264648 0.000000 2491.568604 0.000000 0.499430 0.000000 0.866354 0.728418 0.728418 0.728418
3834.833008 0.000000 2467.874512 0.000000 0.444815 0.000000 0.895623 0.704283 0.704283 0.704283
3832.335693 0.000000 2454.148438 0.000000 0.839874 0.000000 -0.542781 0.798343 0.798343 0.798343
3812.351807 0.000000 2461.983154 0.000000 0.999636 0.000000 -0.026985 0.750556 0.750556 0.750556
3768.959717 0.000000 2486.199951 0.000000 0.883166 0.000000 0.469060 0.735373 0.735373 0.735373
3771.867432 0.000000 2479.721436 0.000000 0.848054 0.000000 0.529910 0.720720 0.720720 0.720720
3830.382812 0.000000 2464.423096 0.000000 0.742353 0.000000 0.670009 0.704633 0.704633 0.704633
3780.704834 0.000000 2485.047852 0.000000 0.244366 0.000000 0.969683 0.680590 0.680590 0.680590
3778.446289 0.000000 2492.971191 0.000000 0.997703 0.000000 -0.067737 0.752158 0.752158 0.752158
3820.401367 0.000000 2463.599121 0.000000 0.983652 0.000000 0.180082 0.742202 0.742202 0.742202
3838.130371 0.000000 2456.393799 0.000000 0.499326 0.000000 0.866414 0.724491 0.724491 0.724491
3837.911865 0.000000 2450.902100 0.000000 0.172262 0.000000 0.985051 0.726447 0.726447 0.726447
3813.003662 0.000000 2470.870361 0.000000 0.638329 0.000000 -0.769764 0.763159 0.763159 0.763159
3829.077637 0.000000 2469.279785 0.000000 0.964374 0.000000 0.264544 0.742982 0.742982 0.742982
3785.110840 0.000000 2479.070557 0.000000 0.972818 0.000000 0.231570 0.739498 0.739498 0.739498
3770.559082 0.000000 2495.113525 0.000000 0.678056 0.000000 -0.735010 0.770098 0.770098 0.770098
3837.781006 0.000000 2463.995850 0.000000 0.366610 0.000000 0.930375 0.694041 0.694041 0.694041
3830.709961 0.000000 2459.379150 0.000000 0.222807 0.000000 -0.974863 0.823093 0.823093 0.823093
3826.802002 0.000000 2462.257324 0.000000 0.512709 0.000000 0.858563 0.692004 0.692004 0.692004
3789.843994 0.000000 2482.302246 0.000000 0.963868 0.000000 0.266381 0.740407 0.740407 0.740407
3816.501465 0.000000 2462.636719 0.000000 0.000063 0.000000 -1.000000 0.817644 0.817644 0.817644
3769.558105 0.000000 2490.057617 0.000000 0.981538 0.000000 -0.191266 0.760090 0.760090 0.760090
3754.551270 0.000000 2495.308594 0.000000 0.174346 0.000000 0.984685 0.705578 0.705578 0.705578
3805.595947 0.000000 2475.670654 0.000000 0.780848 0.000000 -0.624721 0.781586 0.781586 0.781586
3782.041016 0.000000 2481.527100 0.000000 0.645285 0.000000 0.763942 0.727210 0.727210 0.727210
3771.734619 0.000000 2483.532471 0.000000 0.580094 0.000000 0.814550 0.714351 0.714351 0.714351
3772.944824 0.000000 2487.830078 0.000000 0.263274 0.000000 -0.964721 0.796404 0.796404 0.796404
3825.341797 0.000000 2469.795410 0.000000 0.770257 0.000000 -0.637734 0.781077 0.781077 0.781077
3817.418213 0.000000 2470.443359 0.000000 0.154235 0.000000 -0.988034 0.784466 0.784466 0.784466
3812.649658 0.000000 2466.054932 0.000000 0.012562 0.000000 -0.999921 0.793765 0.793765 0.793765
3783.848145 0.000000 2486.643311 0.000000 0.899172 0.000000 -0.437595 0.768657 0.768657 0.768657
3768.397217 0.000000 2478.691162 0.000000 0.960771 0.000000 -0.277343 0.765786 0.765786 0.765786
3834.227051 0.000000 2464.496338 0.000000 0.204104 0.000000 0.978949 0.665642 0.665642 0.665642
3836.094727 0.000000 2453.767578 0.000000 0.998540 0.000000 -0.054012 0.752530 0.752530 0.752530
3775.528809 0.000000 2494.256104 0.000000 0.994953 0.000000 0.100337 0.746236 0.746236 0.746236
3838.281982 0.000000 2460.825928 0.000000 0.820959 0.000000 -0.570987 0.775033 0.775033 0.775033
3823.560791 0.000000 2462.166260 0.000000 0.976027 0.000000 -0.217648 0.759860 0.759860 0.759860
3770.771729 0.000000 2476.487793 0.000000 0.805680 0.000000 -0.592352 0.777302 0.777302 0.777302
3766.239502 0.000000 2488.000977 0.000000 0.972685 0.000000 -0.232127 0.758334 0.758334 0.758334
3799.990723 0.000000 2479.311523 0.000000 0.943702 0.000000 -0.330797 0.764519 0.764519 0.764519
3768.220215 0.000000 2493.028809 0.000000 0.391096 0.000000 -0.920350 0.795965 0.795965 0.795965
3838.580322 0.000000 2467.032959 0.000000 0.992586 0.000000 -0.121543 0.758441 0.758441 0.758441
3806.071289 0.000000 2479.994141 0.000000 0.676814 0.000000 -0.736154 0.779434 0.779434 0.779434
3832.177734 0.000000 2462.062744 0.000000 0.047276 0.000000 0.998882 0.687242 0.687242 0.687242
3831.797852 0.000000 2467.278320 0.000000 0.803597 0.000000 0.595173 0.712998 0.712998 0.712998
3827.980713 0.000000 2466.485352 0.000000 0.211139 0.000000 0.977456 0.663543 0.663543 0.663543
3811.099609 0.000000 2476.928467 0.000000 0.590782 0.000000 -0.806831 0.825584 0.825584 0.825584
3818.997559 0.000000 2466.123779 0.000000 0.710426 0.000000 -0.703772 0.786544 0.786544 0.786544
3822.075684 0.000000 2466.094971 0.000000 0.427562 0.000000 -0.903986 0.802849 0.802849 0.802849
3765.916260 0.000000 2484.009766 0.000000 0.128855 0.000000 -0.991663 0.809383 0.809383 0.809383
3787.631348 0.000000 2480.212646 0.000000 0.543744 0.000000 -0.839251 0.794754 0.794754 0.794754
3789.989990 0.000000 2485.095947 0.000000 0.342635 0.000000 0.939469 0.692841 0.692841 0.692841
3783.255859 0.000000 2483.982178 0.000000 0.523983 0.000000 -0.851729 0.797713 0.797713 0.797713
3806.494629 0.000000 2473.223389 0.000000 0.443826 0.000000 0.896113 0.697997 0.697997 0.697997
3829.381104 0.000000 2461.786865 0.000000 0.916305 0.000000 0.400480 0.727626 0.727626 0.727626
3833.129150 0.000000 2458.999512 0.000000 0.335995 0.000000 -0.941864 0.851181 0.851181 0.851181
3836.379883 0.000000 2466.066406 0.000000 0.963125 0.000000 -0.269053 0.764792 0.764792 0.764792
3835.791016 0.000000 2462.906250 0.000000 0.956496 0.000000 -0.291744 0.770510 0.770510 0.770510
3748.880615 0.000000 2494.465576 0.000000 0.786031 0.000000 0.618187 0.695095 0.695095 0.695095
3808.447510 0.000000 2472.692383 0.000000 0.319908 0.000000 0.947449 0.652079 0.652079 0.652079
3622.362305 0.000000 2519.902344 0.000000 0.681456 0.000000 0.731859 0.745388 0.745388 0.745388
3675.093506 0.000000 2542.619873 0.000000 0.832916 0.000000 0.553399 0.670940 0.670940 0.670940
3688.923340 0.000000 2538.106934 0.000000 0.931316 0.000000 -0.364213 0.763262 0.763262 0.763262
3685.902832 0.000000 2549.236572 0.000000 0.628332 0.000000 -0.777945 0.815093 0.815093 0.815093
3631.896484 0.000000 2523.938721 0.000000 0.698947 0.000000 -0.715174 0.763429 0.763429 0.763429
3669.009033 0.000000 2515.398682 0.000000 0.300361 0.000000 -0.953826 0.771330 0.771330 0.771330
3603.041260 0.000000 2499.826660 0.000000 0.971028 0.000000 0.238968 0.747741 0.747741 0.747741
3669.448975 0.000000 2534.660400 0.000000 0.682991 0.000000 -0.730427 0.846604 0.846604 0.846604
3650.385254 0.000000 2521.215576 0.000000 0.698509 0.000000 -0.715601 0.799276 0.799276 0.799276
3672.210449 0.000000 2551.451660 0.000000 0.205175 0.000000 0.978725 0.581419 0.581419 0.581419
3597.754639 0.000000 2515.489502 0.000000 0.541279 0.000000 -0.840843 0.761221 0.761221 0.761221
3681.439209 0.000000 2538.439453 0.000000 0.730616 0.000000 -0.682788 0.762665 0.762665 0.762665
3679.038086 0.000000 2550.581055 0.000000 0.963671 0.000000 0.267094 0.716081 0.716081 0.716081
3706.840820 0.000000 2531.858887 0.000000 0.498427 0.000000 0.866931 0.728394 0.728394 0.728394
3604.359375 0.000000 2518.081299 0.000000 0.789661 0.000000 -0.613544 0.795762 0.795762 0.795762
3662.475830 0.000000 2516.583252 0.000000 0.445893 0.000000 -0.895086 0.799819 0.799819 0.799819
3668.518555 0.000000 2541.905762 0.000000 0.986964 0.000000 -0.160942 0.770884 0.770884 0.770884
3638.520508 0.000000 2523.814941 0.000000 0.888638 0.000000 0.458610 0.740187 0.740187 0.740187
3681.113525 0.000000 2544.726074 0.000000 0.918092 0.000000 -0.396368 0.788919 0.788919 0.788919
3675.289795 0.000000 2536.444336 0.000000 0.979222 0.000000 0.202792 0.745412 0.745412 0.745412
3628.102051 0.000000 2519.330078 0.000000 0.380952 0.000000 0.924595 0.683718 0.683718 0.683718
3644.468506 0.000000 2522.021729 0.000000 0.665477 0.000000 0.746418 0.710555 0.710555 0.710555
3634.431152 0.000000 2518.590088 0.000000 0.990855 0.000000 0.134933 0.741384 0.741384 0.741384
3664.668945 0.000000 2537.222900 0.000000 0.948604 0.000000 -0.316464 0.818130 0.818130 0.818130
3655.623779 0.000000 2519.571777 0.000000 0.120149 0.000000 0.992756 0.649520 0.649520 0.649520
3667.952881 0.000000 2510.195068 0.000000 0.997937 0.000000 0.064202 0.746391 0.746391 0.746391
3601.230469 0.000000 2504.810791 0.000000 0.234470 0.000000 0.972123 0.660071 0.660071 0.660071
3685.701904 0.000000 2542.309570 0.000000 0.665792 0.000000 0.746137 0.680611 0.680611 0.680611
3608.630127 0.000000 2500.590088 0.000000 0.301718 0.000000 -0.953397 0.809182 0.809182 0.809182
3671.568359 0.000000 2546.409424 0.000000 0.794154 0.000000 -0.607716 0.818489 0.818489 0.818489
3597.480469 0.000000 2510.395752 0.000000 0.534315 0.000000 0.845286 0.714172 0.714172 0.714172
3605.796875 0.000000 2505.447754 0.000000 0.509135 0.000000 0.860687 0.732531 0.732531 0.732531
3660.817871 0.000000 2512.349609 0.000000 0.164868 0.000000 -0.986316 0.786835 0.786835 0.786835
3709.788818 0.000000 2527.980225 0.000000 0.945165 0.000000 0.326595 0.741902 0.741902 0.741902
3676.731934 0.000000 2546.874756 0.000000 0.370710 0.000000 0.928749 0.625115 0.625115 0.625115
3672.008057 0.000000 2539.501953 0.000000 0.826914 0.000000 0.562328 0.697445 0.697445 0.697445
3665.059082 0.000000 2513.282715 0.000000 0.698360 0.000000 0.715747 0.694736 0.694736 0.694736
3601.270752 0.000000 2513.179688 0.000000 0.092844 0.000000 0.995681 0.658686 0.658686 0.658686
3659.827881 0.000000 2519.385254 0.000000 0.590274 0.000000 0.807203 0.716580 0.716580 0.716580
3677.603760 0.000000 2539.655029 0.000000 0.872120 0.000000 0.489292 0.706920 0.706920 0.706920
3622.595215 0.000000 2523.614502 0.000000 0.698196 0.000000 -0.715907 0.805279 0.805279 0.805279
3682.193604 0.000000 2548.641113 0.000000 0.859673 0.000000 0.510845 0.712855 0.712855 0.712855
3597.578369 0.000000 2505.527832 0.000000 0.529338 0.000000 -0.848411 0.784141 0.784141 0.784141
3668.445312 0.000000 2538.253174 0.000000 0.626309 0.000000 -0.779575 0.877217 0.877217 0.877217
3600.747803 0.000000 2517.919189 0.000000 0.720165 0.000000 0.693802 0.696880 0.696880 0.696880
3652.410400 0.000000 2518.026855 0.000000 0.669258 0.000000 0.743030 0.691973 0.691973 0.691973
3641.052734 0.000000 2521.178711 0.000000 0.026859 0.000000 0.999639 0.643037 0.643037 0.643037
3643.822021 0.000000 2518.618896 0.000000 0.632212 0.000000 -0.774796 0.781534 0.781534 0.781534
3631.434814 0.000000 2520.258789 0.000000 0.992711 0.000000 0.120519 0.741630 0.741630 0.741630
3600.131348 0.000000 2508.042480 0.000000 0.903627 0.000000 0.428320 0.733424 0.733424 0.733424
3675.744141 0.000000 2551.250000 0.000000 0.485596 0.000000 -0.874183 0.821704 0.821704 0.821704
3665.007568 0.000000 2540.554443 0.000000 0.841093 0.000000 -0.540891 0.797083 0.797083 0.797083
3668.190186 0.000000 2545.664062 0.000000 0.146127 0.000000 0.989266 0.552673 0.552673 0.552673
3625.522461 0.000000 2521.539307 0.000000 0.529257 0.000000 -0.848462 0.820185 0.820185 0.820185
3637.694824 0.000000 2520.312256 0.000000 0.977417 0.000000 -0.211321 0.764751 0.764751 0.764751
3680.256836 0.000000 2541.551025 0.000000 0.854987 0.000000 -0.518650 0.799007 0.799007 0.799007
3659.235352 0.000000 2515.536621 0.000000 0.086503 0.000000 -0.996252 0.838928 0.838928 0.838928
3710.289795 0.000000 2524.810303 0.000000 0.207595 0.000000 -0.978215 0.813741 0.813741 0.813741
3605.580322 0.000000 2502.198242 0.000000 0.220913 0.000000 0.975293 0.656608 0.656608 0.656608
3671.998535 0.000000 2543.295898 0.000000 0.966999 0.000000 -0.254780 0.768330 0.768330 0.768330
3606.116455 0.000000 2498.488525 0.000000 0.670248 0.000000 0.742137 0.717118 0.717118 0.717118
3619.479736 0.000000 2523.355713 0.000000 0.274943 0.000000 -0.961461 0.834688 0.834688 0.834688
3673.984863 0.000000 2548.602051 0.000000 0.754868 0.000000 0.655877 0.683029 0.683029 0.683029
3678.079102 0.000000 2543.978516 0.000000 0.969767 0.000000 -0.244033 0.759693 0.759693 0.759693
3600.337646 0.000000 2501.672119 0.000000 0.516732 0.000000 0.856147 0.705739 0.705739 0.705739
3655.182129 0.000000 2516.604248 0.000000 0.786696 0.000000 0.617341 0.703905 0.703905 0.703905
3671.578857 0.000000 2536.632080 0.000000 0.427217 0.000000 -0.904149 0.824013 0.824013 0.824013
3653.787354 0.000000 2521.842041 0.000000 0.136281 0.000000 0.990670 0.688240 0.688240 0.688240
3674.328613 0.000000 2545.316406 0.000000 0.980772 0.000000 -0.195157 0.765079 0.765079 0.765079
3674.769287 0.000000 2539.857178 0.000000 0.137961 0.000000 0.990438 0.575668 0.575668 0.575668
3679.547607 0.000000 2547.489990 0.000000 0.814247 0.000000 -0.580519 0.797548 0.797548 0.797548
3666.797119 0.000000 2535.525879 0.000000 0.798172 0.000000 0.602429 0.674943 0.674943 0.674943
3598.599365 0.000000 2512.840088 0.000000 0.651060 0.000000 -0.759027 0.809706 0.809706 0.809706
3669.224365 0.000000 2512.746338 0.000000 0.671055 0.000000 -0.741407 0.807860 0.807860 0.807860
3657.645508 0.000000 2517.860352 0.000000 0.993388 0.000000 -0.114803 0.757971 0.757971 0.757971
3602.987305 0.000000 2502.772461 0.000000 0.999840 0.000000 0.017878 0.748761 0.748761 0.748761
3600.319824 0.000000 2510.683594 0.000000 0.217898 0.000000 -0.975972 0.815777 0.815777 0.815777
3596.366455 0.000000 2507.992920 0.000000 0.813730 0.000000 0.581244 0.718643 0.718643 0.718643
3683.166992 0.000000 2543.423340 0.000000 0.864766 0.000000 0.502176 0.715522 0.715522 0.715522
3662.702148 0.000000 2514.052002 0.000000 0.775017 0.000000 -0.631940 0.797391 0.797391 0.797391
3674.086670 0.000000 2553.102295 0.000000 0.997633 0.000000 0.068769 0.744974 0.744974 0.744974
3605.949951 0.000000 2516.266357 0.000000 0.136408 0.000000 -0.990653 0.835919 0.835919 0.835919
3600.539307 0.000000 2515.425049 0.000000 0.839881 0.000000 0.542770 0.710252 0.710252 0.710252
3677.054443 0.000000 2549.212891 0.000000 0.473925 0.000000 0.880565 0.624965 0.624965 0.624965
3598.723389 0.000000 2503.407471 0.000000 0.578036 0.000000 -0.816011 0.816125 0.816125 0.816125
3669.755859 0.000000 2544.020020 0.000000 0.007771 0.000000 0.999970 0.533430 0.533430 0.533430
3664.506348 0.000000 2515.452637 0.000000 0.661930 0.000000 0.749566 0.691292 0.691292 0.691292
3667.048096 0.000000 2512.263428 0.000000 0.401343 0.000000 -0.915928 0.830212 0.830212 0.830212
3664.275635 0.000000 2534.811523 0.000000 0.547350 0.000000 -0.836904 0.954235 0.954235 0.954235
3671.790527 0.000000 2549.078369 0.000000 0.743831 0.000000 0.668367 0.663651 0.663651 0.663651
3673.150879 0.000000 2541.415771 0.000000 0.963758 0.000000 -0.266776 0.781855 0.781855 0.781855
3670.653564 0.000000 2541.374756 0.000000 0.474898 0.000000 0.880041 0.602933 0.602933 0.602933
3666.260498 0.000000 2538.783447 0.000000 0.242218 0.000000 -0.970222 0.973478 0.973478 0.973478
3605.795654 0.000000 2519.833984 0.000000 0.959502 0.000000 0.281704 0.730216 0.730216 0.730216
3632.914795 0.000000 2521.828857 0.000000 0.740480 0.000000 -0.672078 0.801060 0.801060 0.801060
3660.392578 0.000000 2517.322754 0.000000 0.421962 0.000000 0.906613 0.671355 0.671355 0.671355
3684.218750 0.000000 2547.999512 0.000000 0.998295 0.000000 -0.058366 0.754593 0.754593 0.754593
3667.250488 0.000000 2543.802246 0.000000 0.753840 0.000000 0.657058 0.668117 0.668117 0.668117
3685.584473 0.000000 2544.310059 0.000000 0.443978 0.000000 0.896038 0.612733 0.612733 0.612733
3676.090088 0.000000 2538.255615 0.000000 0.779698 0.000000 -0.626156 0.807010 0.807010 0.807010
3662.798096 0.000000 2536.460449 0.000000 0.444208 0.000000 0.895924 0.633558 0.633558 0.633558
3669.919189 0.000000 2539.552002 0.000000 0.058788 0.000000 0.998270 0.534841 0.534841 0.534841
3666.479248 0.000000 2541.865967 0.000000 0.371124 0.000000 -0.928583 0.919423 0.919423 0.919423
3667.549561 0.000000 2540.226562 0.000000 0.236128 0.000000 -0.971722 0.939607 0.939607 0.939607
3673.885010 0.000000 2550.507812 0.000000 0.992528 0.000000 0.122020 0.734883 0.734883 0.734883
3664.337646 0.000000 2538.941650 0.000000 0.390095 0.000000 -0.920775 0.973465 0.973465 0.973465
3673.110352 0.000000 2547.093994 0.000000 0.140065 0.000000 0.990142 0.575927 0.575927 0.575927
3665.335449 0.000000 2535.848389 0.000000 0.223184 0.000000 -0.974776 1.027171 1.027171 1.027171
3665.782959 0.000000 2534.498535 0.000000 0.728854 0.000000 0.684669 0.594671 0.594671 0.594671
3664.038818 0.000000 2536.074951 0.000000 0.736639 0.000000 0.676286 0.592856 0.592856 0.592856
3781.894287 0.000000 2530.925537 0.000000 0.982563 0.000000 0.185932 0.748599 0.748599 0.748599
3761.671631 0.000000 2536.212891 0.000000 0.017082 0.000000 0.999854 0.738363 0.738363 0.738363
3731.374268 0.000000 2509.563721 0.000000 0.995801 0.000000 -0.091543 0.751030 0.751030 0.751030
3772.755127 0.000000 2537.922607 0.000000 0.823942 0.000000 0.566674 0.738719 0.738719 0.738719
3788.975830 0.000000 2523.121826 0.000000 0.949056 0.000000 0.315107 0.736795 0.736795 0.736795
3771.838867 0.000000 2527.643311 0.000000 0.627232 0.000000 -0.778833 0.840271 0.840271 0.840271
3719.803711 0.000000 2521.087646 0.000000 0.900341 0.000000 -0.435185 0.767704 0.767704 0.767704
3766.131592 0.000000 2495.718994 0.000000 0.154292 0.000000 0.988025 0.739395 0.739395 0.739395
3750.599121 0.000000 2495.525146 0.000000 0.998294 0.000000 -0.058386 0.752625 0.752625 0.752625
3725.746826 0.000000 2515.489502 0.000000 0.982659 0.000000 -0.185423 0.753143 0.753143 0.753143
3738.476562 0.000000 2505.344238 0.000000 0.988962 0.000000 0.148169 0.748886 0.748886 0.748886
3790.187500 0.000000 2530.785889 0.000000 0.406031 0.000000 0.913859 0.708992 0.708992 0.708992
3758.746338 0.000000 2495.625244 0.000000 0.907152 0.000000 0.420804 0.743494 0.743494 0.743494
3764.199219 0.000000 2529.735596 0.000000 0.691127 0.000000 0.722733 0.722776 0.722776 0.722776
3790.468018 0.000000 2516.583252 0.000000 0.999968 0.000000 0.008000 0.749640 0.749640 0.749640
3737.713623 0.000000 2511.537842 0.000000 0.335354 0.000000 0.942092 0.713186 0.713186 0.713186
3769.300293 0.000000 2533.045654 0.000000 0.979400 0.000000 -0.201929 0.762563 0.762563 0.762563
3744.016357 0.000000 2502.960693 0.000000 0.192548 0.000000 -0.981288 0.780941 0.780941 0.780941
3774.570801 0.000000 2516.428955 0.000000 0.472705 0.000000 0.881221 0.731826 0.731826 0.731826
3767.062500 0.000000 2539.343262 0.000000 0.550095 0.000000 -0.835102 0.787011 0.787011 0.787011
3772.460693 0.000000 2522.021729 0.000000 0.140060 0.000000 0.990143 0.691083 0.691083 0.691083
3770.769775 0.000000 2499.206299 0.000000 0.434669 0.000000 0.900590 0.714314 0.714314 0.714314
3780.097168 0.000000 2536.300293 0.000000 0.026923 0.000000 0.999637 0.550538 0.550538 0.550538
3780.704834 0.000000 2549.032227 0.000000 0.525871 0.000000 0.850564 0.736670 0.736670 0.736670
3715.836914 0.000000 2517.340576 0.000000 0.901397 0.000000 -0.432995 0.762577 0.762577 0.762577
3733.789062 0.000000 2505.447754 0.000000 0.774273 0.000000 0.632852 0.733321 0.733321 0.733321
3793.268799 0.000000 2525.178223 0.000000 0.454240 0.000000 -0.890879 0.780874 0.780874 0.780874
3786.339111 0.000000 2528.542480 0.000000 0.650223 0.000000 0.759744 0.712838 0.712838 0.712838
3729.262939 0.000000 2513.179688 0.000000 0.988786 0.000000 0.149342 0.746351 0.746351 0.746351
3783.629639 0.000000 2539.159668 0.000000 0.798119 0.000000 -0.602500 0.802063 0.802063 0.802063
3765.317139 0.000000 2533.937256 0.000000 0.904213 0.000000 -0.427081 0.801226 0.801226 0.801226
3722.991211 0.000000 2518.494873 0.000000 0.560833 0.000000 0.827929 0.728084 0.728084 0.728084
3793.583252 0.000000 2533.028564 0.000000 0.674706 0.000000 -0.738086 0.773318 0.773318 0.773318
3762.395508 0.000000 2497.052979 0.000000 0.260599 0.000000 0.965447 0.715735 0.715735 0.715735
3768.069824 0.000000 2528.838867 0.000000 0.952868 0.000000 0.303384 0.732108 0.732108 0.732108
3740.288818 0.000000 2501.913086 0.000000 0.023361 0.000000 0.999727 0.706539 0.706539 0.706539
3779.786621 0.000000 2495.500244 0.000000 0.955228 0.000000 0.295872 0.737064 0.737064 0.737064
3785.668213 0.000000 2532.466309 0.000000 0.108712 0.000000 0.994073 0.643248 0.643248 0.643248
3716.053467 0.000000 2521.572998 0.000000 0.915760 0.000000 -0.401727 0.760837 0.760837 0.760837
3761.602295 0.000000 2532.483887 0.000000 0.863883 0.000000 0.503693 0.704534 0.704534 0.704534
3770.963623 0.000000 2503.681641 0.000000 0.674376 0.000000 0.738388 0.720448 0.720448 0.720448
3735.197754 0.000000 2508.925537 0.000000 0.905281 0.000000 0.424814 0.738499 0.738499 0.738499
3791.416260 0.000000 2519.987305 0.000000 0.980259 0.000000 0.197717 0.743292 0.743292 0.743292
3769.559326 0.000000 2536.564697 0.000000 0.795369 0.000000 0.606126 0.724395 0.724395 0.724395
3775.095947 0.000000 2528.976074 0.000000 0.312173 0.000000 0.950025 0.703066 0.703066 0.703066
3772.286377 0.000000 2531.000977 0.000000 0.469278 0.000000 0.883051 0.687177 0.687177 0.687177
3782.800781 0.000000 2534.154297 0.000000 0.282365 0.000000 -0.959307 0.867854 0.867854 0.867854
3772.861084 0.000000 2496.364990 0.000000 0.606734 0.000000 -0.794905 0.786130 0.786130 0.786130
3775.377197 0.000000 2519.715820 0.000000 0.516390 0.000000 0.856353 0.709572 0.709572 0.709572
3773.915527 0.000000 2500.315186 0.000000 0.902734 0.000000 -0.430199 0.769984 0.769984 0.769984
3766.349854 0.000000 2498.911865 0.000000 0.186355 0.000000 -0.982482 0.812165 0.812165 0.812165
3766.802979 0.000000 2531.563965 0.000000 0.990304 0.000000 0.138921 0.740344 0.740344 0.740344
3779.396729 0.000000 2539.149658 0.000000 0.356719 0.000000 0.934212 0.673221 0.673221 0.673221
3783.805176 0.000000 2536.560791 0.000000 0.063669 0.000000 0.997971 0.577865 0.577865 0.577865
3783.847656 0.000000 2529.127197 0.000000 0.903596 0.000000 0.428386 0.715185 0.715185 0.715185
3736.189697 0.000000 2506.519287 0.000000 0.410212 0.000000 0.911990 0.689807 0.689807 0.689807
3768.307861 0.000000 2526.477295 0.000000 0.984945 0.000000 -0.172867 0.777977 0.777977 0.777977
3781.604004 0.000000 2537.975586 0.000000 0.990947 0.000000 0.134254 0.732602 0.732602 0.732602
3784.829346 0.000000 2526.833740 0.000000 0.609457 0.000000 -0.792819 0.857985 0.857985 0.857985
3783.625000 0.000000 2532.213135 0.000000 0.592217 0.000000 -0.805779 0.844739 0.844739 0.844739
3780.751709 0.000000 2534.391846 0.000000 0.216028 0.000000 -0.976387 0.886807 0.886807 0.886807
3785.464600 0.000000 2530.389160 0.000000 0.988408 0.000000 -0.151821 0.770262 0.770262 0.770262
3773.785889 0.000000 2527.356201 0.000000 0.522370 0.000000 -0.852719 0.866635 0.866635 0.866635
3766.118164 0.000000 2529.145264 0.000000 0.843428 0.000000 0.537242 0.653361 0.653361 0.653361
3769.872803 0.000000 2527.878174 0.000000 0.833038 0.000000 -0.553216 0.844397 0.844397 0.844397
3768.706543 0.000000 2530.998047 0.000000 0.742524 0.000000 0.669820 0.678537 0.678537 0.678537
3767.388916 0.000000 2533.556152 0.000000 0.997350 0.000000 -0.072757 0.758999 0.758999 0.758999
3773.037842 0.000000 2529.154053 0.000000 0.829558 0.000000 0.558421 0.686766 0.686766 0.686766
3781.986328 0.000000 2536.013428 0.000000 0.237618 0.000000 -0.971359 0.921945 0.921945 0.921945
3771.022949 0.000000 2526.066162 0.000000 0.933231 0.000000 -0.359276 0.787157 0.787157 0.787157
3765.249756 0.000000 2531.004395 0.000000 0.619658 0.000000 -0.784872 0.910534 0.910534 0.910534
3783.500244 0.000000 2530.706787 0.000000 0.923797 0.000000 -0.382883 0.803706 0.803706 0.803706
3842.182373 0.000000 2448.645264 0.000000 0.157128 0.000000 0.987578 0.691794 0.691794 0.691794
3857.931152 0.000000 2460.680420 0.000000 0.381022 0.000000 -0.924566 0.780929 0.780929 0.780929
3840.192139 0.000000 2465.208496 0.000000 0.261898 0.000000 -0.965096 0.779340 0.779340 0.779340
3859.366455 0.000000 2445.579346 0.000000 0.181725 0.000000 0.983349 0.729208 0.729208 0.729208
3867.279297 0.000000 2453.661865 0.000000 0.096252 0.000000 -0.995357 0.810735 0.810735 0.810735
3847.795898 0.000000 2457.103271 0.000000 0.550155 0.000000 -0.835062 0.772205 0.772205 0.772205
3850.097656 0.000000 2442.738037 0.000000 0.996630 0.000000 0.082033 0.746771 0.746771 0.746771
3870.228760 0.000000 2463.640869 0.000000 0.968113 0.000000 -0.250512 0.758060 0.758060 0.758060
3853.739014 0.000000 2451.505127 0.000000 0.836334 0.000000 0.548221 0.723925 0.723925 0.723925
3839.958496 0.000000 2456.229248 0.000000 0.916342 0.000000 0.400397 0.739973 0.739973 0.739973
3860.343750 0.000000 2454.096924 0.000000 0.991892 0.000000 0.127086 0.746182 0.746182 0.746182
3873.429932 0.000000 2450.941162 0.000000 0.947168 0.000000 -0.320738 0.754280 0.754280 0.754280
3864.861572 0.000000 2459.580078 0.000000 0.558626 0.000000 0.829420 0.724361 0.724361 0.724361
3865.705811 0.000000 2447.553467 0.000000 0.872740 0.000000 0.488186 0.733766 0.733766 0.733766
3845.921387 0.000000 2463.523682 0.000000 0.830745 0.000000 -0.556653 0.774318 0.774318 0.774318
3851.954834 0.000000 2461.814453 0.000000 0.973215 0.000000 -0.229898 0.753475 0.753475 0.753475
3847.916992 0.000000 2450.957031 0.000000 0.716496 0.000000 -0.697591 0.777466 0.777466 0.777466
3882.025879 0.000000 2460.899902 0.000000 0.925018 0.000000 0.379924 0.744892 0.744892 0.744892
3875.914307 0.000000 2462.476318 0.000000 0.636719 0.000000 0.771096 0.710429 0.710429 0.710429
3854.372070 0.000000 2456.769775 0.000000 0.056664 0.000000 0.998393 0.687630 0.687630 0.687630
3857.214844 0.000000 2440.826416 0.000000 0.903309 0.000000 -0.428991 0.759132 0.759132 0.759132
3853.464844 0.000000 2446.411377 0.000000 0.437594 0.000000 0.899172 0.720696 0.720696 0.720696
3845.886963 0.000000 2445.382568 0.000000 0.224486 0.000000 -0.974477 0.800345 0.800345 0.800345
3861.383789 0.000000 2449.701904 0.000000 0.467013 0.000000 0.884251 0.707342 0.707342 0.707342
3869.242920 0.000000 2449.913574 0.000000 0.969308 0.000000 -0.245849 0.758372 0.758372 0.758372
3857.255127 0.000000 2449.195312 0.000000 0.039641 0.000000 -0.999214 0.790137 0.790137 0.790137
3868.499023 0.000000 2457.706299 0.000000 0.886794 0.000000 -0.462165 0.761694 0.761694 0.761694
3850.983398 0.000000 2454.510498 0.000000 0.492318 0.000000 0.870415 0.712430 0.712430 0.712430
3861.159424 0.000000 2457.972412 0.000000 0.273235 0.000000 -0.961947 0.776653 0.776653 0.776653
3839.858887 0.000000 2452.122314 0.000000 0.912382 0.000000 -0.409340 0.768952 0.768952 0.768952
3849.574707 0.000000 2447.033447 0.000000 0.393382 0.000000 0.919375 0.710685 0.710685 0.710685
3866.255615 0.000000 2463.270264 0.000000 0.759548 0.000000 -0.650451 0.780498 0.780498 0.780498
3878.579590 0.000000 2459.630127 0.000000 0.842892 0.000000 -0.538082 0.763830 0.763830 0.763830
3844.045654 0.000000 2457.588623 0.000000 0.697140 0.000000 0.716935 0.717070 0.717070 0.717070
3853.562744 0.000000 2441.543457 0.000000 0.047817 0.000000 0.998856 0.675858 0.675858 0.675858
3848.238037 0.000000 2460.676514 0.000000 0.702708 0.000000 0.711478 0.726285 0.726285 0.726285
3864.347412 0.000000 2451.822510 0.000000 0.121602 0.000000 0.992579 0.693029 0.693029 0.693029
3851.029297 0.000000 2458.483887 0.000000 0.994230 0.000000 0.107272 0.746378 0.746378 0.746378
3849.431396 0.000000 2464.310547 0.000000 0.821244 0.000000 0.570577 0.723850 0.723850 0.723850
3857.684570 0.000000 2457.135254 0.000000 0.930406 0.000000 0.366530 0.736649 0.736649 0.736649
3855.595947 0.000000 2462.983887 0.000000 0.032480 0.000000 -0.999472 0.804727 0.804727 0.804727
3872.885254 0.000000 2461.248047 0.000000 0.924319 0.000000 0.381621 0.721408 0.721408 0.721408
3845.371582 0.000000 2448.822021 0.000000 0.916854 0.000000 -0.399222 0.765379 0.765379 0.765379
3850.555420 0.000000 2439.464844 0.000000 0.734334 0.000000 0.678788 0.724854 0.724854 0.724854
3851.050049 0.000000 2449.824219 0.000000 0.529093 0.000000 -0.848564 0.791739 0.791739 0.791739
3854.842773 0.000000 2459.929688 0.000000 0.171458 0.000000 -0.985191 0.797134 0.797134 0.797134
3844.943359 0.000000 2460.565430 0.000000 0.510270 0.000000 0.860014 0.705414 0.705414 0.705414
3846.745361 0.000000 2454.283691 0.000000 0.930166 0.000000 0.367140 0.735922 0.735922 0.735922
3854.583740 0.000000 2448.855713 0.000000 0.250928 0.000000 0.968006 0.688343 0.688343 0.688343
3861.599365 0.000000 2447.103271 0.000000 0.561223 0.000000 0.827665 0.704363 0.704363 0.704363
3870.748291 0.000000 2459.447754 0.000000 0.243097 0.000000 -0.970002 0.821960 0.821960 0.821960
3860.381592 0.000000 2460.157227 0.000000 0.639204 0.000000 -0.769038 0.807496 0.807496 0.807496
3862.614502 0.000000 2459.855469 0.000000 0.216903 0.000000 -0.976193 0.861399 0.861399 0.861399
4090.029297 0.000000 2447.315430 0.000000 0.712978 0.000000 -0.701187 0.754365 0.754365 0.754365
4082.503418 0.000000 2457.847656 0.000000 0.992438 0.000000 0.122746 0.749309 0.749309 0.749309
4088.320068 0.000000 2454.148438 0.000000 0.771783 0.000000 -0.635886 0.769356 0.769356 0.769356
4093.896240 0.000000 2450.902100 0.000000 0.971620 0.000000 -0.236549 0.753577 0.753577 0.753577
4085.302246 0.000000 2449.653809 0.000000 0.607063 0.000000 -0.794654 0.825666 0.825666 0.825666
4082.645020 0.000000 2453.436523 0.000000 0.791140 0.000000 0.611635 0.737677 0.737677 0.737677
4094.787598 0.000000 2447.172119 0.000000 0.718242 0.000000 0.695793 0.729828 0.729828 0.729828
4090.634521 0.000000 2456.977295 0.000000 0.606150 0.000000 -0.795351 0.774106 0.774106 0.774106
4090.253174 0.000000 2450.967773 0.000000 0.987197 0.000000 -0.159503 0.755399 0.755399 0.755399
4082.591797 0.000000 2447.691406 0.000000 0.999736 0.000000 -0.022963 0.750946 0.750946 0.750946
4085.698975 0.000000 2452.646484 0.000000 0.480415 0.000000 -0.877042 0.824106 0.824106 0.824106
4087.653809 0.000000 2456.769531 0.000000 0.933617 0.000000 0.358272 0.725301 0.725301 0.725301
4084.818604 0.000000 2446.913086 0.000000 0.964467 0.000000 -0.264204 0.765019 0.765019 0.765019
4092.245605 0.000000 2455.981934 0.000000 0.994437 0.000000 -0.105337 0.760275 0.760275 0.760275
3568.200195 0.000000 2610.395996 0.000000 0.771690 0.000000 -0.635999 0.797754 0.797754 0.797754
3572.953125 0.000000 2610.774658 0.000000 0.887314 0.000000 -0.461165 0.779616 0.779616 0.779616
3580.807373 0.000000 2612.296143 0.000000 0.667695 0.000000 -0.744435 0.808173 0.808173 0.808173
3575.200195 0.000000 2610.749512 0.000000 0.956723 0.000000 -0.290999 0.770456 0.770456 0.770456
3547.101318 0.000000 2670.588623 0.000000 0.687183 0.000000 -0.726485 0.806337 0.806337 0.806337
3543.271484 0.000000 2652.851074 0.000000 0.792725 0.000000 0.609579 0.736498 0.736498 0.736498
3558.434082 0.000000 2636.227539 0.000000 0.032674 0.000000 -0.999466 0.994799 0.994799 0.994799
3551.498535 0.000000 2631.645264 0.000000 0.731864 0.000000 0.681450 0.731750 0.731750 0.731750
3560.259766 0.000000 2658.935059 0.000000 0.181946 0.000000 0.983308 0.674641 0.674641 0.674641
3546.200195 0.000000 2658.536377 0.000000 0.817832 0.000000 0.575457 0.707520 0.707520 0.707520
3556.367432 0.000000 2653.936279 0.000000 0.994398 0.000000 0.105697 0.747026 0.747026 0.747026
3538.851074 0.000000 2648.767578 0.000000 0.539185 0.000000 -0.842188 0.778123 0.778123 0.778123
3563.453369 0.000000 2638.327393 0.000000 0.939609 0.000000 -0.342249 0.774200 0.774200 0.774200
3557.019287 0.000000 2662.823486 0.000000 0.999910 0.000000 -0.013400 0.750401 0.750401 0.750401
3552.674561 0.000000 2635.996582 0.000000 0.809441 0.000000 -0.587201 0.808756 0.808756 0.808756
3548.245361 0.000000 2634.558838 0.000000 0.568399 0.000000 0.822753 0.706579 0.706579 0.706579
3560.517090 0.000000 2654.589844 0.000000 0.998897 0.000000 0.046949 0.747538 0.747538 0.747538
3542.596191 0.000000 2659.013184 0.000000 0.123335 0.000000 0.992365 0.687678 0.687678 0.687678
3556.665283 0.000000 2658.008057 0.000000 0.597465 0.000000 -0.801895 0.821430 0.821430 0.821430
3546.103027 0.000000 2631.429688 0.000000 0.107251 0.000000 0.994232 0.678761 0.678761 0.678761
3531.222656 0.000000 2667.617676 0.000000 0.893633 0.000000 -0.448798 0.780501 0.780501 0.780501
3544.932373 0.000000 2661.751221 0.000000 0.422991 0.000000 -0.906134 0.792468 0.792468 0.792468
3540.157471 0.000000 2651.747803 0.000000 0.988093 0.000000 -0.153861 0.756074 0.756074 0.756074
3544.006348 0.000000 2671.264648 0.000000 0.994262 0.000000 -0.106970 0.756622 0.756622 0.756622
3542.319824 0.000000 2655.836914 0.000000 0.140553 0.000000 -0.990073 0.811574 0.811574 0.811574
3561.363281 0.000000 2636.251709 0.000000 0.487986 0.000000 0.872851 0.541401 0.541401 0.541401
3541.165283 0.000000 2632.135986 0.000000 0.998073 0.000000 0.062046 0.746745 0.746745 0.746745
3546.336426 0.000000 2673.285156 0.000000 0.997709 0.000000 -0.067655 0.753550 0.753550 0.753550
3565.855225 0.000000 2639.866699 0.000000 0.414216 0.000000 -0.910179 0.814245 0.814245 0.814245
3536.319092 0.000000 2650.597656 0.000000 0.999927 0.000000 0.012089 0.749230 0.749230 0.749230
3553.680176 0.000000 2633.525146 0.000000 0.895185 0.000000 0.445695 0.704157 0.704157 0.704157
3558.211182 0.000000 2655.878906 0.000000 0.998941 0.000000 -0.046001 0.753619 0.753619 0.753619
3558.276123 0.000000 2660.568848 0.000000 0.954749 0.000000 0.297413 0.730775 0.730775 0.730775
3550.782227 0.000000 2634.200928 0.000000 0.950993 0.000000 -0.309212 0.782374 0.782374 0.782374
3559.671631 0.000000 2634.099121 0.000000 0.238507 0.000000 0.971141 0.538329 0.538329 0.538329
3547.787598 0.000000 2661.896484 0.000000 0.712411 0.000000 0.701762 0.706305 0.706305 0.706305
3544.572754 0.000000 2656.552734 0.000000 0.367611 0.000000 0.929980 0.660547 0.660547 0.660547
3549.301758 0.000000 2632.449707 0.000000 0.435448 0.000000 0.900214 0.672389 0.672389 0.672389
3543.409424 0.000000 2631.709961 0.000000 0.910678 0.000000 0.413117 0.707737 0.707737 0.707737
3561.123779 0.000000 2656.882812 0.000000 0.530858 0.000000 -0.847461 0.854134 0.854134 0.854134
3540.208252 0.000000 2630.160400 0.000000 0.272160 0.000000 0.962252 0.667548 0.667548 0.667548
3529.343994 0.000000 2668.782471 0.000000 0.841548 0.000000 -0.540182 0.789534 0.789534 0.789534
3531.423340 0.000000 2669.966797 0.000000 0.424466 0.000000 -0.905444 0.826333 0.826333 0.826333
3544.424072 0.000000 2659.868652 0.000000 0.141682 0.000000 -0.989912 0.870375 0.870375 0.870375
3558.749512 0.000000 2657.728760 0.000000 0.121920 0.000000 0.992540 0.541151 0.541151 0.541151
3558.000732 0.000000 2634.732422 0.000000 0.564735 0.000000 -0.825272 0.904489 0.904489 0.904489
3559.858887 0.000000 2636.837402 0.000000 0.117639 0.000000 0.993056 0.518766 0.518766 0.518766
3559.735352 0.000000 2656.084961 0.000000 0.691532 0.000000 0.722346 0.633623 0.633623 0.633623
3561.036133 0.000000 2634.749756 0.000000 0.242101 0.000000 -0.970251 0.983431 0.983431 0.983431
3561.936035 0.000000 2637.555908 0.000000 0.544109 0.000000 -0.839014 0.945712 0.945712 0.945712
3519.544434 0.000000 2814.177979 0.000000 0.376061 0.000000 -0.926595 0.834333 0.834333 0.834333
3605.399414 0.000000 2577.670654 0.000000 0.964922 0.000000 -0.262537 0.758456 0.758456 0.758456
3602.968262 0.000000 2579.474609 0.000000 0.959542 0.000000 -0.281567 0.764430 0.764430 0.764430
3896.402344 0.000000 2581.749268 0.000000 0.334170 0.000000 -0.942513 0.756910 0.756910 0.756910
3912.402832 0.000000 2577.808838 0.000000 0.694371 0.000000 -0.719617 0.766544 0.766544 0.766544
3887.880859 0.000000 2587.923096 0.000000 0.962491 0.000000 -0.271314 0.759775 0.759775 0.759775
3866.468750 0.000000 2569.328613 0.000000 0.958195 0.000000 0.286116 0.742937 0.742937 0.742937
3882.117188 0.000000 2572.764648 0.000000 0.660779 0.000000 -0.750581 0.783381 0.783381 0.783381
3902.562988 0.000000 2580.413330 0.000000 0.547266 0.000000 -0.836959 0.775996 0.775996 0.775996
3923.937256 0.000000 2574.179443 0.000000 0.551960 0.000000 -0.833871 0.777695 0.777695 0.777695
3907.360107 0.000000 2578.531738 0.000000 0.727138 0.000000 0.686492 0.730165 0.730165 0.730165
3916.802246 0.000000 2576.333984 0.000000 0.438920 0.000000 0.898526 0.727006 0.727006 0.727006
3883.986328 0.000000 2575.864014 0.000000 0.513982 0.000000 -0.857801 0.858103 0.858103 0.858103
3887.419189 0.000000 2584.243164 0.000000 0.281496 0.000000 0.959562 0.663352 0.663352 0.663352
3905.426758 0.000000 2581.463379 0.000000 0.084080 0.000000 -0.996459 0.805671 0.805671 0.805671
3920.532715 0.000000 2574.325928 0.000000 0.886293 0.000000 0.463125 0.728362 0.728362 0.728362
3870.741455 0.000000 2575.880371 0.000000 0.809983 0.000000 0.586454 0.717145 0.717145 0.717145
3882.775879 0.000000 2574.454102 0.000000 0.299391 0.000000 -0.954130 0.882824 0.882824 0.882824
3520.160400 0.000000 2817.369141 0.000000 0.616906 0.000000 0.787037 0.677055 0.677055 0.677055
3534.735107 0.000000 2828.019531 0.000000 0.337710 0.000000 -0.941250 0.807404 0.807404 0.807404
3534.483643 0.000000 2836.505127 0.000000 0.551167 0.000000 -0.834395 0.757393 0.757393 0.757393
3523.093506 0.000000 2821.497314 0.000000 0.161475 0.000000 -0.986877 0.826487 0.826487 0.826487
3537.066895 0.000000 2833.204590 0.000000 0.505147 0.000000 0.863034 0.623274 0.623274 0.623274
3534.917236 0.000000 2819.989502 0.000000 0.881413 0.000000 -0.472346 0.777634 0.777634 0.777634
3523.123047 0.000000 2818.393066 0.000000 0.935592 0.000000 0.353083 0.719594 0.719594 0.719594
3536.556152 0.000000 2830.263428 0.000000 0.899621 0.000000 0.436671 0.728001 0.728001 0.728001
3520.641846 0.000000 2820.320068 0.000000 0.692364 0.000000 0.721548 0.703214 0.703214 0.703214
3534.709961 0.000000 2833.973877 0.000000 0.999952 0.000000 -0.009845 0.751014 0.751014 0.751014
3536.514160 0.000000 2835.374512 0.000000 0.640609 0.000000 -0.767868 0.853276 0.853276 0.853276
3534.276123 0.000000 2830.607178 0.000000 0.604883 0.000000 -0.796314 0.831067 0.831067 0.831067
3518.874023 0.000000 2815.517090 0.000000 0.602450 0.000000 0.798156 0.684240 0.684240 0.684240
3535.559814 0.000000 2832.014648 0.000000 0.877356 0.000000 -0.479839 0.801540 0.801540 0.801540
3521.329590 0.000000 2818.691650 0.000000 0.869433 0.000000 0.494051 0.689044 0.689044 0.689044
2601.778320 0.000000 3322.249512 0.000000 0.946293 0.000000 0.323310 0.742603 0.742603 0.742603
2613.516113 0.000000 3323.027832 0.000000 0.479692 0.000000 0.877437 0.703899 0.703899 0.703899
2648.272949 0.000000 3319.264160 0.000000 0.071756 0.000000 -0.997422 0.792101 0.792101 0.792101
2634.021240 0.000000 3315.620605 0.000000 0.913818 0.000000 -0.406123 0.758614 0.758614 0.758614
2657.176025 0.000000 3312.538574 0.000000 0.941224 0.000000 0.337783 0.742258 0.742258 0.742258
2617.030029 0.000000 3317.996826 0.000000 0.423925 0.000000 0.905698 0.737271 0.737271 0.737271
2628.775146 0.000000 3316.844727 0.000000 0.986581 0.000000 0.163274 0.740173 0.740173 0.740173
2647.630859 0.000000 3314.221924 0.000000 0.593897 0.000000 -0.804541 0.779759 0.779759 0.779759
2636.885986 0.000000 3319.471680 0.000000 0.684815 0.000000 -0.728717 0.777517 0.777517 0.777517
2652.794434 0.000000 3314.687256 0.000000 0.289513 0.000000 -0.957174 0.790651 0.790651 0.790651
2598.801025 0.000000 3325.034668 0.000000 0.013120 0.000000 -0.999914 0.857915 0.857915 0.857915
2621.015137 0.000000 3319.626953 0.000000 0.999413 0.000000 -0.034267 0.751669 0.751669 0.751669
2595.051758 0.000000 3325.245605 0.000000 0.383326 0.000000 -0.923613 0.831569 0.831569 0.831569
2604.552979 0.000000 3324.086670 0.000000 0.367001 0.000000 -0.930221 0.832790 0.832790 0.832790
2626.120850 0.000000 3314.977295 0.000000 0.991361 0.000000 0.131161 0.742365 0.742365 0.742365
2655.610107 0.000000 3315.302490 0.000000 0.282171 0.000000 -0.959364 0.839006 0.839006 0.839006
2638.060303 0.000000 3316.892822 0.000000 0.696656 0.000000 0.717405 0.694572 0.694572 0.694572
2626.187500 0.000000 3317.702393 0.000000 0.929968 0.000000 -0.367640 0.776082 0.776082 0.776082
2599.125488 0.000000 3322.649414 0.000000 0.507067 0.000000 -0.861907 0.821982 0.821982 0.821982
2606.266357 0.000000 3325.784180 0.000000 0.871210 0.000000 0.490911 0.718294 0.718294 0.718294
2614.127686 0.000000 3325.869141 0.000000 0.621260 0.000000 0.783605 0.687618 0.687618 0.687618
2647.853027 0.000000 3316.890869 0.000000 0.484107 0.000000 0.875009 0.676186 0.676186 0.676186
2596.939941 0.000000 3323.906006 0.000000 0.887797 0.000000 0.460236 0.715075 0.715075 0.715075
2618.686279 0.000000 3319.920166 0.000000 0.246242 0.000000 -0.969208 0.841587 0.841587 0.841587
2554.123047 0.000000 3343.096680 0.000000 0.507943 0.000000 0.861391 0.697524 0.697524 0.697524
2556.408447 0.000000 3335.201172 0.000000 0.833874 0.000000 -0.551955 0.756569 0.756569 0.756569
2557.108398 0.000000 3339.676758 0.000000 0.427407 0.000000 0.904059 0.671772 0.671772 0.671772
2558.881348 0.000000 3342.953369 0.000000 0.966364 0.000000 0.257180 0.740260 0.740260 0.740260
2559.059814 0.000000 3336.578369 0.000000 0.299941 0.000000 -0.953958 0.837719 0.837719 0.837719
2556.465576 0.000000 3344.462402 0.000000 0.598873 0.000000 -0.800844 0.814340 0.814340 0.814340
2556.469971 0.000000 3342.037598 0.000000 0.570611 0.000000 -0.821220 0.816754 0.816754 0.816754
2501.972412 0.000000 3426.706787 0.000000 0.896614 0.000000 0.442813 0.718219 0.718219 0.718219
2523.163818 0.000000 3438.401123 0.000000 0.257961 0.000000 0.966155 0.678873 0.678873 0.678873
2519.333984 0.000000 3420.663574 0.000000 0.288542 0.000000 0.957467 0.661455 0.661455 0.661455
2504.488770 0.000000 3409.605713 0.000000 0.624836 0.000000 0.780756 0.726516 0.726516 0.726516
2509.978760 0.000000 3437.647949 0.000000 0.899186 0.000000 0.437566 0.730496 0.730496 0.730496
2492.833252 0.000000 3433.703857 0.000000 0.407283 0.000000 -0.913302 0.806049 0.806049 0.806049
2527.774414 0.000000 3413.082520 0.000000 0.352261 0.000000 0.935902 0.725062 0.725062 0.725062
2528.699707 0.000000 3426.605957 0.000000 0.994810 0.000000 0.101747 0.747328 0.747328 0.747328
2509.053955 0.000000 3418.903076 0.000000 0.276811 0.000000 0.960924 0.660607 0.660607 0.660607
2517.519287 0.000000 3430.441650 0.000000 0.579829 0.000000 0.814738 0.689376 0.689376 0.689376
2502.960449 0.000000 3449.738037 0.000000 0.307317 0.000000 -0.951607 0.830114 0.830114 0.830114
2498.455566 0.000000 3416.996826 0.000000 0.594003 0.000000 0.804462 0.706243 0.706243 0.706243
2500.540039 0.000000 3437.637207 0.000000 0.791658 0.000000 0.610964 0.711848 0.711848 0.711848
2510.265625 0.000000 3426.567139 0.000000 0.627625 0.000000 0.778516 0.691524 0.691524 0.691524
2529.509521 0.000000 3434.220703 0.000000 0.973911 0.000000 0.226929 0.734140 0.734140 0.734140
2513.904541 0.000000 3443.856445 0.000000 0.999180 0.000000 -0.040496 0.752806 0.752806 0.752806
2526.402588 0.000000 3419.968994 0.000000 0.744504 0.000000 -0.667618 0.800643 0.800643 0.800643
2524.821289 0.000000 3406.739990 0.000000 0.936646 0.000000 0.350278 0.725207 0.725207 0.725207
2493.342773 0.000000 3451.334229 0.000000 0.898615 0.000000 0.438737 0.738094 0.738094 0.738094
2506.029053 0.000000 3443.589355 0.000000 0.958462 0.000000 -0.285221 0.754874 0.754874 0.754874
2510.546143 0.000000 3412.364502 0.000000 0.625304 0.000000 -0.780382 0.795261 0.795261 0.795261
2506.520264 0.000000 3432.008789 0.000000 0.995252 0.000000 -0.097333 0.752921 0.752921 0.752921
2516.588867 0.000000 3437.687012 0.000000 0.455780 0.000000 0.890092 0.673963 0.673963 0.673963
2522.262695 0.000000 3426.348877 0.000000 0.924074 0.000000 -0.382215 0.777171 0.777171 0.777171
2529.183838 0.000000 3440.507324 0.000000 0.971430 0.000000 -0.237326 0.760319 0.760319 0.760319
2495.834473 0.000000 3428.084229 0.000000 0.785378 0.000000 -0.619016 0.796243 0.796243 0.796243
2532.429932 0.000000 3421.748779 0.000000 0.261688 0.000000 0.965153 0.718210 0.718210 0.718210
2521.937744 0.000000 3414.927002 0.000000 0.375964 0.000000 0.926634 0.683416 0.683416 0.683416
2489.037842 0.000000 3445.965576 0.000000 0.732430 0.000000 -0.680843 0.801884 0.801884 0.801884
2523.360107 0.000000 3432.225586 0.000000 0.999358 0.000000 -0.035818 0.752482 0.752482 0.752482
2503.374756 0.000000 3420.882080 0.000000 0.871032 0.000000 0.491226 0.714425 0.714425 0.714425
2494.648926 0.000000 3412.210205 0.000000 0.999998 0.000000 -0.002061 0.750100 0.750100 0.750100
2491.945557 0.000000 3439.487061 0.000000 0.882684 0.000000 -0.469967 0.783895 0.783895 0.783895
2514.913574 0.000000 3416.580078 0.000000 0.873806 0.000000 0.486274 0.719573 0.719573 0.719573
2530.349365 0.000000 3408.052734 0.000000 0.909071 0.000000 -0.416641 0.772531 0.772531 0.772531
2492.538818 0.000000 3417.802979 0.000000 0.684778 0.000000 0.728751 0.693434 0.693434 0.693434
2498.004395 0.000000 3422.721924 0.000000 0.783549 0.000000 0.621330 0.731170 0.731170 0.731170
2500.175293 0.000000 3432.081543 0.000000 0.983632 0.000000 0.180187 0.737787 0.737787 0.737787
2532.821533 0.000000 3416.163086 0.000000 0.998817 0.000000 0.048631 0.746630 0.746630 0.746630
2512.739258 0.000000 3433.004150 0.000000 0.999985 0.000000 0.005447 0.749663 0.749663 0.749663
2503.694092 0.000000 3415.353027 0.000000 0.917250 0.000000 -0.398312 0.778382 0.778382 0.778382
2500.782959 0.000000 3444.813477 0.000000 0.776112 0.000000 -0.630595 0.797271 0.797271 0.797271
2516.023193 0.000000 3405.976318 0.000000 0.982576 0.000000 0.185861 0.737048 0.737048 0.737048
2501.066406 0.000000 3404.970947 0.000000 0.999571 0.000000 0.029289 0.749287 0.749287 0.749287
2499.446045 0.000000 3410.328613 0.000000 0.192521 0.000000 0.981293 0.646863 0.646863 0.646863
2533.081787 0.000000 3430.635986 0.000000 0.783216 0.000000 0.621750 0.723617 0.723617 0.723617
2519.638672 0.000000 3442.190674 0.000000 0.191543 0.000000 0.981484 0.654529 0.654529 0.654529
2505.922363 0.000000 3404.216309 0.000000 0.224699 0.000000 -0.974428 0.810404 0.810404 0.810404
2505.188965 0.000000 3438.836182 0.000000 0.313175 0.000000 -0.949695 0.829722 0.829722 0.829722
2520.322021 0.000000 3407.644043 0.000000 0.952268 0.000000 -0.305263 0.770330 0.770330 0.770330
2508.888184 0.000000 3408.130859 0.000000 0.024427 0.000000 0.999702 0.625496 0.625496 0.625496
2528.737061 0.000000 3403.809082 0.000000 0.209663 0.000000 -0.977774 0.775457 0.775457 0.775457
2490.637207 0.000000 3454.879150 0.000000 0.438303 0.000000 -0.898827 0.814841 0.814841 0.814841
2513.346924 0.000000 3420.959473 0.000000 0.512853 0.000000 -0.858476 0.821516 0.821516 0.821516
2506.417236 0.000000 3424.323730 0.000000 0.865253 0.000000 0.501335 0.713619 0.713619 0.713619
2497.775879 0.000000 3448.357178 0.000000 0.739887 0.000000 0.672731 0.722367 0.722367 0.722367
2523.695557 0.000000 3411.064209 0.000000 0.999550 0.000000 -0.030003 0.751124 0.751124 0.751124
2520.078369 0.000000 3435.283203 0.000000 0.726896 0.000000 -0.686747 0.796775 0.796775 0.796775
2509.922119 0.000000 3442.067871 0.000000 0.973832 0.000000 -0.227268 0.764596 0.764596 0.764596
2503.707764 0.000000 3434.940918 0.000000 0.657096 0.000000 -0.753807 0.809153 0.809153 0.809153
2513.661377 0.000000 3428.809814 0.000000 0.540099 0.000000 0.841601 0.680704 0.680704 0.680704
2531.745361 0.000000 3411.976562 0.000000 0.866500 0.000000 -0.499177 0.785230 0.785230 0.785230
2489.636230 0.000000 3449.823242 0.000000 0.053208 0.000000 0.998583 0.664755 0.664755 0.664755
2507.898193 0.000000 3415.166504 0.000000 0.993899 0.000000 -0.110294 0.757657 0.757657 0.757657
2513.198486 0.000000 3439.791748 0.000000 0.300071 0.000000 -0.953917 0.837709 0.837709 0.837709
2525.674072 0.000000 3435.436279 0.000000 0.508267 0.000000 0.861199 0.678114 0.678114 0.678114
2529.005859 0.000000 3417.114990 0.000000 0.819230 0.000000 -0.573464 0.788880 0.788880 0.788880
2505.746338 0.000000 3428.247559 0.000000 0.927902 0.000000 -0.372825 0.761446 0.761446 0.761446
2491.812744 0.000000 3443.298096 0.000000 0.002058 0.000000 0.999998 0.641319 0.641319 0.641319
2509.962158 0.000000 3430.479980 0.000000 0.107349 0.000000 -0.994221 0.851372 0.851372 0.851372
2493.022949 0.000000 3447.595703 0.000000 0.210714 0.000000 -0.977548 0.793242 0.793242 0.793242
2495.007568 0.000000 3420.531494 0.000000 0.292671 0.000000 0.956213 0.695144 0.695144 0.695144
2509.819336 0.000000 3422.786133 0.000000 0.134861 0.000000 0.990864 0.607542 0.607542 0.607542
2518.658691 0.000000 3426.825684 0.000000 0.009627 0.000000 -0.999954 0.858157 0.858157 0.858157
2516.515625 0.000000 3434.034424 0.000000 0.703512 0.000000 -0.710683 0.804763 0.804763 0.804763
2518.303711 0.000000 3415.144287 0.000000 0.867694 0.000000 -0.497098 0.763638 0.763638 0.763638
2532.727783 0.000000 3425.820557 0.000000 0.285309 0.000000 0.958435 0.694813 0.694813 0.694813
2528.906738 0.000000 3422.619141 0.000000 0.993907 0.000000 0.110224 0.743589 0.743589 0.743589
2500.480713 0.000000 3413.808105 0.000000 0.544370 0.000000 -0.838845 0.818944 0.818944 0.818944
2492.708008 0.000000 3430.087158 0.000000 0.999995 0.000000 0.003228 0.749776 0.749776 0.749776
2525.558594 0.000000 3415.979248 0.000000 0.753014 0.000000 -0.658005 0.799754 0.799754 0.799754
2526.920898 0.000000 3409.683594 0.000000 0.987755 0.000000 0.156013 0.745600 0.745600 0.745600
2488.475342 0.000000 3438.456787 0.000000 0.905827 0.000000 0.423647 0.722150 0.722150 0.722150
2511.494385 0.000000 3415.768555 0.000000 0.472098 0.000000 0.881546 0.675239 0.675239 0.675239
2489.637451 0.000000 3432.345947 0.000000 0.999486 0.000000 0.032069 0.748438 0.748438 0.748438
2514.019775 0.000000 3412.933838 0.000000 0.503379 0.000000 0.864066 0.708977 0.708977 0.708977
2521.662842 0.000000 3404.514404 0.000000 0.322787 0.000000 0.946472 0.663947 0.663947 0.663947
2520.994873 0.000000 3429.563721 0.000000 0.102455 0.000000 -0.994738 0.829721 0.829721 0.829721
2495.174072 0.000000 3424.757324 0.000000 0.909155 0.000000 -0.416457 0.786997 0.786997 0.786997
2520.341553 0.000000 3412.007324 0.000000 0.994749 0.000000 -0.102341 0.757102 0.757102 0.757102
2492.364502 0.000000 3426.782227 0.000000 0.955981 0.000000 -0.293428 0.770632 0.770632 0.770632
2513.077881 0.000000 3436.335693 0.000000 0.258187 0.000000 -0.966095 0.823566 0.823566 0.823566
2502.878906 0.000000 3429.935547 0.000000 0.968165 0.000000 -0.250314 0.765633 0.765633 0.765633
2516.260498 0.000000 3441.445312 0.000000 0.702334 0.000000 0.711847 0.695122 0.695122 0.695122
2505.673096 0.000000 3418.175781 0.000000 0.915394 0.000000 0.402560 0.732157 0.732157 0.732157
2495.455322 0.000000 3415.497070 0.000000 0.680195 0.000000 0.733031 0.692999 0.692999 0.692999
2499.295166 0.000000 3428.799805 0.000000 0.961580 0.000000 -0.274524 0.766142 0.766142 0.766142
2528.327148 0.000000 3437.332275 0.000000 0.263198 0.000000 0.964742 0.659628 0.659628 0.659628
2488.596924 0.000000 3442.509766 0.000000 0.964712 0.000000 0.263309 0.733536 0.733536 0.733536
2507.305664 0.000000 3411.317871 0.000000 0.741704 0.000000 0.670727 0.686678 0.686678 0.686678
2495.606934 0.000000 3454.021729 0.000000 0.871084 0.000000 0.491135 0.727891 0.727891 0.727891
2516.219971 0.000000 3419.560303 0.000000 0.196686 0.000000 -0.980467 0.855390 0.855390 0.855390
2490.849854 0.000000 3436.253418 0.000000 0.039422 0.000000 0.999223 0.643908 0.643908 0.643908
2498.128662 0.000000 3442.946045 0.000000 0.265356 0.000000 0.964151 0.659783 0.659783 0.659783
2520.068848 0.000000 3439.077148 0.000000 0.477448 0.000000 0.878660 0.675660 0.675660 0.675660
2501.196533 0.000000 3423.649414 0.000000 0.892456 0.000000 -0.451135 0.771033 0.771033 0.771033
2501.765381 0.000000 3408.040771 0.000000 0.018430 0.000000 0.999830 0.642453 0.642453 0.642453
2522.055176 0.000000 3444.383301 0.000000 0.700851 0.000000 0.713308 0.708362 0.708362 0.708362
2526.149414 0.000000 3439.759766 0.000000 0.730332 0.000000 -0.683093 0.802097 0.802097 0.802097
2493.895020 0.000000 3409.156006 0.000000 0.290857 0.000000 -0.956767 0.838378 0.838378 0.838378
2518.382324 0.000000 3423.649414 0.000000 0.472669 0.000000 0.881240 0.675284 0.675284 0.675284
2506.902832 0.000000 3421.156006 0.000000 0.959021 0.000000 0.283335 0.730098 0.730098 0.730098
2530.374268 0.000000 3429.158447 0.000000 0.999066 0.000000 0.043206 0.747006 0.747006 0.747006
2503.252441 0.000000 3412.385498 0.000000 0.887196 0.000000 0.461393 0.716776 0.716776 0.716776
2531.611084 0.000000 3405.131836 0.000000 0.687670 0.000000 -0.726024 0.781949 0.781949 0.781949
2497.512695 0.000000 3413.260254 0.000000 0.663724 0.000000 -0.747978 0.808542 0.808542 0.808542
2512.375488 0.000000 3424.377930 0.000000 0.987044 0.000000 -0.160451 0.760862 0.760862 0.760862
2509.944580 0.000000 3434.088623 0.000000 0.998006 0.000000 -0.063122 0.754139 0.754139 0.754139
2531.470703 0.000000 3418.927734 0.000000 0.875916 0.000000 -0.482463 0.784880 0.784880 0.784880
2518.715088 0.000000 3404.769287 0.000000 0.834207 0.000000 0.551452 0.709534 0.709534 0.709534
2519.649170 0.000000 3432.413330 0.000000 0.993268 0.000000 -0.115843 0.758044 0.758044 0.758044
2512.618652 0.000000 3406.122803 0.000000 0.590975 0.000000 -0.806690 0.790418 0.790418 0.790418
2500.737549 0.000000 3447.931641 0.000000 0.512395 0.000000 0.858750 0.678447 0.678447 0.678447
2507.709473 0.000000 3439.978271 0.000000 0.925496 0.000000 0.378758 0.723088 0.723088 0.723088
2522.398926 0.000000 3441.097656 0.000000 0.029236 0.000000 -0.999573 0.853911 0.853911 0.853911
2522.839600 0.000000 3435.638428 0.000000 0.201898 0.000000 0.979407 0.680866 0.680866 0.680866
2530.291748 0.000000 3414.662354 0.000000 0.753487 0.000000 -0.657463 0.790301 0.790301 0.790301
2499.474854 0.000000 3434.930908 0.000000 0.685970 0.000000 0.727630 0.693547 0.693547 0.693547
2512.381592 0.000000 3418.410156 0.000000 0.438423 0.000000 -0.898769 0.827382 0.827382 0.827382
2527.651855 0.000000 3406.333252 0.000000 0.449688 0.000000 0.893186 0.673489 0.673489 0.673489
2514.867432 0.000000 3431.307129 0.000000 0.959758 0.000000 -0.280829 0.769721 0.769721 0.769721
2529.452393 0.000000 3410.611816 0.000000 0.874766 0.000000 -0.484546 0.785044 0.785044 0.785044
2516.067627 0.000000 3427.450439 0.000000 0.983118 0.000000 -0.182971 0.759302 0.759302 0.759302
2505.715820 0.000000 3413.641602 0.000000 0.751403 0.000000 -0.659843 0.812067 0.812067 0.812067
2498.195312 0.000000 3445.671143 0.000000 0.162114 0.000000 0.986772 0.652457 0.652457 0.652457
2503.883301 0.000000 3432.342041 0.000000 0.936930 0.000000 -0.349517 0.774737 0.774737 0.774737
2499.426025 0.000000 3440.579346 0.000000 0.947683 0.000000 0.319214 0.727491 0.727491 0.727491
2524.491211 0.000000 3413.587158 0.000000 0.417438 0.000000 0.908705 0.690224 0.690224 0.690224
2526.015625 0.000000 3404.336426 0.000000 0.988838 0.000000 -0.148994 0.760361 0.760361 0.760361
2508.440430 0.000000 3428.398926 0.000000 0.242514 0.000000 0.970148 0.665594 0.665594 0.665594
2530.396484 0.000000 3431.739990 0.000000 0.597386 0.000000 -0.801954 0.814468 0.814468 0.814468
2497.392578 0.000000 3419.405029 0.000000 0.869325 0.000000 0.494242 0.714185 0.714185 0.714185
2530.602539 0.000000 3424.501709 0.000000 0.044601 0.000000 -0.999005 0.855733 0.855733 0.855733
2498.020264 0.000000 3437.908936 0.000000 0.570640 0.000000 0.821200 0.683249 0.683249 0.683249
2529.207520 0.000000 3419.897217 0.000000 0.477565 0.000000 0.878596 0.675669 0.675669 0.675669
2510.945801 0.000000 3420.406982 0.000000 0.193923 0.000000 -0.981017 0.853030 0.853030 0.853030
2495.291016 0.000000 3448.392822 0.000000 0.109003 0.000000 0.994041 0.648743 0.648743 0.648743
2523.850098 0.000000 3429.708984 0.000000 0.204951 0.000000 0.978772 0.655477 0.655477 0.655477
2520.635254 0.000000 3424.365234 0.000000 0.825398 0.000000 -0.564551 0.791560 0.791560 0.791560
2506.459717 0.000000 3408.274658 0.000000 0.999165 0.000000 0.040868 0.747551 0.747551 0.747551
2491.398682 0.000000 3445.849854 0.000000 0.297461 0.000000 -0.954734 0.837899 0.837899 0.837899
2513.642578 0.000000 3426.391846 0.000000 0.560383 0.000000 0.828233 0.682387 0.682387 0.682387
2489.792725 0.000000 3440.354492 0.000000 0.079965 0.000000 0.996798 0.655096 0.655096 0.655096
2501.758301 0.000000 3410.591553 0.000000 0.992714 0.000000 0.120499 0.739144 0.739144 0.739144
2512.303467 0.000000 3441.919922 0.000000 0.630774 0.000000 0.775967 0.688463 0.688463 0.688463
2517.406982 0.000000 3417.335449 0.000000 0.382677 0.000000 -0.923882 0.831618 0.831618 0.831618
2517.826172 0.000000 3439.801270 0.000000 0.603812 0.000000 0.797127 0.686088 0.686088 0.686088
2508.082275 0.000000 3425.943604 0.000000 0.637187 0.000000 -0.770709 0.810962 0.810962 0.810962
2512.345947 0.000000 3430.592773 0.000000 0.939333 0.000000 0.343006 0.725744 0.725744 0.725744
2501.682129 0.000000 3433.756836 0.000000 0.981673 0.000000 -0.190574 0.762925 0.762925 0.762925
2510.492920 0.000000 3439.820557 0.000000 0.941280 0.000000 0.337627 0.726141 0.726141 0.726141
2504.907471 0.000000 3422.614990 0.000000 0.968186 0.000000 -0.250233 0.766575 0.766575 0.766575
2508.262939 0.000000 3443.576172 0.000000 0.819066 0.000000 -0.573699 0.788898 0.788898 0.788898
2498.197510 0.000000 3433.093018 0.000000 0.944798 0.000000 -0.327653 0.773127 0.773127 0.773127
2525.293945 0.000000 3437.741943 0.000000 0.858483 0.000000 -0.512841 0.787306 0.787306 0.787306
2523.826660 0.000000 3404.706299 0.000000 0.946555 0.000000 0.322542 0.727248 0.727248 0.727248
2505.406494 0.000000 3436.594971 0.000000 0.974617 0.000000 0.223880 0.734357 0.734357 0.734357
2521.221191 0.000000 3437.197021 0.000000 0.404839 0.000000 0.914388 0.670052 0.670052 0.670052
2500.367432 0.000000 3442.578857 0.000000 0.860995 0.000000 0.508614 0.714033 0.714033 0.714033
2521.547607 0.000000 3420.533447 0.000000 0.514182 0.000000 0.857681 0.680521 0.680521 0.680521
2491.816406 0.000000 3449.785400 0.000000 0.979607 0.000000 0.200925 0.735985 0.735985 0.735985
2505.803711 0.000000 3415.784912 0.000000 0.774702 0.000000 0.632326 0.702575 0.702575 0.702575
2490.694092 0.000000 3447.888916 0.000000 0.964810 0.000000 0.262949 0.731566 0.731566 0.731566
2527.653564 0.000000 3415.252930 0.000000 0.567638 0.000000 -0.823278 0.817004 0.817004 0.817004
2514.330811 0.000000 3434.564697 0.000000 0.656008 0.000000 -0.754754 0.809253 0.809253 0.809253
2522.607666 0.000000 3406.453125 0.000000 0.024790 0.000000 0.999693 0.642894 0.642894 0.642894
2507.485840 0.000000 3437.779297 0.000000 0.816456 0.000000 -0.577408 0.791492 0.791492 0.791492
2530.836182 0.000000 3426.830811 0.000000 0.656974 0.000000 0.753913 0.690836 0.690836 0.690836
2508.638428 0.000000 3432.374268 0.000000 0.809774 0.000000 0.586743 0.706560 0.706560 0.706560
2505.666260 0.000000 3434.008545 0.000000 0.837246 0.000000 -0.546826 0.790083 0.790083 0.790083
2495.744629 0.000000 3422.484863 0.000000 0.683447 0.000000 0.730000 0.679517 0.679517 0.679517
2495.335205 0.000000 3410.485596 0.000000 0.551255 0.000000 0.834337 0.633580 0.633580 0.633580
2478.255127 0.000000 3462.585938 0.000000 0.167461 0.000000 0.985879 0.686973 0.686973 0.686973
2482.544189 0.000000 3466.712158 0.000000 0.987591 0.000000 0.157050 0.739074 0.739074 0.739074
2483.709961 0.000000 3460.791748 0.000000 0.990120 0.000000 0.140224 0.744731 0.744731 0.744731
2490.847900 0.000000 3458.971924 0.000000 0.945328 0.000000 0.326120 0.726986 0.726986 0.726986
2478.623779 0.000000 3468.971191 0.000000 0.493738 0.000000 -0.869611 0.769743 0.769743 0.769743
2487.890381 0.000000 3461.771484 0.000000 0.534958 0.000000 -0.844879 0.819718 0.819718 0.819718
2485.095215 0.000000 3464.264648 0.000000 0.996362 0.000000 -0.085220 0.752716 0.752716 0.752716
2481.512451 0.000000 3463.449463 0.000000 0.142555 0.000000 0.989787 0.651086 0.651086 0.651086
2492.939209 0.000000 3456.130615 0.000000 0.578156 0.000000 0.815926 0.683885 0.683885 0.683885
2479.403076 0.000000 3465.847900 0.000000 0.996335 0.000000 0.085538 0.744067 0.744067 0.744067
2491.813477 0.000000 3461.145752 0.000000 0.999819 0.000000 -0.019028 0.751176 0.751176 0.751176
2488.640137 0.000000 3459.635010 0.000000 0.472598 0.000000 -0.881278 0.824722 0.824722 0.824722
2485.541992 0.000000 3462.068604 0.000000 0.006719 0.000000 0.999977 0.641642 0.641642 0.641642
2487.341064 0.000000 3463.954590 0.000000 0.855024 0.000000 0.518589 0.712229 0.712229 0.712229
2588.969727 0.000000 3329.600342 0.000000 0.987521 0.000000 -0.157489 0.761253 0.761253 0.761253
2579.444580 0.000000 3341.360596 0.000000 0.984900 0.000000 -0.173126 0.752606 0.752606 0.752606
2579.103760 0.000000 3331.623535 0.000000 0.786076 0.000000 0.618129 0.720055 0.720055 0.720055
2562.545654 0.000000 3333.765381 0.000000 0.933483 0.000000 0.358620 0.736264 0.736264 0.736264
2606.816650 0.000000 3327.422119 0.000000 0.990575 0.000000 -0.136973 0.753602 0.753602 0.753602
2580.421875 0.000000 3349.878174 0.000000 0.986266 0.000000 0.165167 0.740058 0.740058 0.740058
2576.951904 0.000000 3362.594727 0.000000 0.997430 0.000000 -0.071645 0.751477 0.751477 0.751477
2585.783936 0.000000 3343.334717 0.000000 0.731368 0.000000 -0.681983 0.775293 0.775293 0.775293
2583.299805 0.000000 3327.364258 0.000000 0.990620 0.000000 0.136644 0.746663 0.746663 0.746663
2560.544922 0.000000 3339.131592 0.000000 0.920020 0.000000 -0.391871 0.762063 0.762063 0.762063
2593.850342 0.000000 3328.568359 0.000000 0.911899 0.000000 -0.410416 0.772172 0.772172 0.772172
2573.542969 0.000000 3342.192627 0.000000 0.788949 0.000000 -0.614459 0.795842 0.795842 0.795842
2565.965088 0.000000 3341.163818 0.000000 0.673630 0.000000 -0.739069 0.798275 0.798275 0.798275
2574.939209 0.000000 3328.710205 0.000000 0.777606 0.000000 0.628751 0.729630 0.729630 0.729630
2581.859375 0.000000 3337.244629 0.000000 0.003301 0.000000 -0.999995 0.776415 0.776415 0.776415
2565.695068 0.000000 3336.636719 0.000000 0.056297 0.000000 -0.998414 0.801043 0.801043 0.801043
2577.333252 0.000000 3344.976562 0.000000 0.678088 0.000000 0.734980 0.692800 0.692800 0.692800
2574.015137 0.000000 3365.359863 0.000000 0.279238 0.000000 0.960222 0.663194 0.663194 0.663194
2581.237549 0.000000 3353.753662 0.000000 0.266712 0.000000 -0.963776 0.837684 0.837684 0.837684
2578.758301 0.000000 3327.376221 0.000000 0.768689 0.000000 -0.639623 0.781187 0.781187 0.781187
2588.359131 0.000000 3333.709961 0.000000 0.475626 0.000000 -0.879648 0.808379 0.808379 0.808379
2586.333740 0.000000 3359.051514 0.000000 0.909708 0.000000 0.415249 0.724342 0.724342 0.724342
2583.268066 0.000000 3340.722412 0.000000 0.896872 0.000000 0.442291 0.732843 0.732843 0.732843
2591.889893 0.000000 3331.260742 0.000000 0.996226 0.000000 0.086798 0.746908 0.746908 0.746908
2577.001465 0.000000 3366.695312 0.000000 0.409863 0.000000 -0.912147 0.808062 0.808062 0.808062
2581.642822 0.000000 3333.995117 0.000000 0.392283 0.000000 0.919845 0.669104 0.669104 0.669104
2560.855225 0.000000 3336.169189 0.000000 0.599354 0.000000 0.800484 0.685702 0.685702 0.685702
2574.661865 0.000000 3344.636963 0.000000 0.999101 0.000000 0.042401 0.747776 0.747776 0.747776
2563.489502 0.000000 3342.013916 0.000000 0.816345 0.000000 -0.577565 0.792658 0.792658 0.792658
2591.293701 0.000000 3328.052979 0.000000 0.382662 0.000000 0.923889 0.668381 0.668381 0.668381
2576.382324 0.000000 3342.480469 0.000000 0.999662 0.000000 0.025999 0.748345 0.748345 0.748345
2577.270020 0.000000 3329.824707 0.000000 0.996723 0.000000 -0.080895 0.755610 0.755610 0.755610
2587.137695 0.000000 3331.684326 0.000000 0.073484 0.000000 -0.997296 0.853728 0.853728 0.853728
2581.119873 0.000000 3339.631348 0.000000 0.328958 0.000000 -0.944345 0.835601 0.835601 0.835601
2584.029785 0.000000 3345.183350 0.000000 0.643570 0.000000 -0.765387 0.800594 0.800594 0.800594
2581.012207 0.000000 3328.102539 0.000000 0.669834 0.000000 -0.742511 0.807974 0.807974 0.807974
2580.459717 0.000000 3355.938477 0.000000 0.238421 0.000000 -0.971162 0.842145 0.842145 0.842145
2565.369873 0.000000 3334.253906 0.000000 0.809018 0.000000 0.587784 0.706471 0.706471 0.706471
2586.542725 0.000000 3356.785400 0.000000 0.220125 0.000000 -0.975472 0.843447 0.843447 0.843447
2577.897705 0.000000 3364.625244 0.000000 0.642046 0.000000 0.766666 0.689475 0.689475 0.689475
2589.967529 0.000000 3335.244385 0.000000 0.145747 0.000000 0.989322 0.651310 0.651310 0.651310
2579.433594 0.000000 3329.494385 0.000000 0.255085 0.000000 0.966919 0.641839 0.641839 0.641839
4581.848145 0.000000 2293.299072 0.000000 0.195705 0.000000 0.980663 0.711415 0.711415 0.711415
4599.513672 0.000000 2301.547119 0.000000 0.684373 0.000000 0.729132 0.727052 0.727052 0.727052
4574.983398 0.000000 2294.643555 0.000000 0.094376 0.000000 -0.995537 0.763821 0.763821 0.763821
4587.700684 0.000000 2295.480713 0.000000 0.915667 0.000000 0.401937 0.738383 0.738383 0.738383
4577.058594 0.000000 2288.788574 0.000000 0.985901 0.000000 0.167328 0.746852 0.746852 0.746852
4592.028320 0.000000 2296.625000 0.000000 0.986178 0.000000 0.165688 0.745325 0.745325 0.745325
4572.677246 0.000000 2290.937256 0.000000 0.963908 0.000000 -0.266236 0.757569 0.757569 0.757569
4585.623047 0.000000 2292.145996 0.000000 0.634802 0.000000 -0.772675 0.774801 0.774801 0.774801
4578.139160 0.000000 2292.703613 0.000000 0.605178 0.000000 0.796090 0.724138 0.724138 0.724138
4590.638672 0.000000 2293.523926 0.000000 0.038820 0.000000 0.999246 0.706973 0.706973 0.706973
4598.935547 0.000000 2298.170898 0.000000 0.731379 0.000000 -0.681971 0.771077 0.771077 0.771077
4273.640137 0.000000 2408.244141 0.000000 0.521864 0.000000 -0.853029 0.751913 0.751913 0.751913
4243.342773 0.000000 2381.594971 0.000000 0.658431 0.000000 -0.752641 0.761168 0.761168 0.761168
4251.255859 0.000000 2389.677490 0.000000 0.997163 0.000000 0.075277 0.747461 0.747461 0.747461
4271.857422 0.000000 2395.969971 0.000000 0.501846 0.000000 0.864957 0.734346 0.734346 0.734346
4254.205078 0.000000 2399.656494 0.000000 0.615738 0.000000 -0.787951 0.775487 0.775487 0.775487
4294.851074 0.000000 2425.988037 0.000000 0.885312 0.000000 -0.464998 0.761772 0.761772 0.761772
4292.430664 0.000000 2413.887207 0.000000 0.312945 0.000000 -0.949771 0.789868 0.789868 0.789868
4297.919434 0.000000 2419.839355 0.000000 0.663458 0.000000 0.748213 0.724674 0.724674 0.724674
4276.167969 0.000000 2401.766846 0.000000 0.557432 0.000000 -0.830222 0.772009 0.772009 0.772009
4257.406250 0.000000 2386.956787 0.000000 0.940396 0.000000 0.340080 0.744152 0.744152 0.744152
4308.479492 0.000000 2413.937012 0.000000 0.983583 0.000000 0.180455 0.748641 0.748641 0.748641
4248.837891 0.000000 2395.595703 0.000000 0.640634 0.000000 -0.767847 0.761475 0.761475 0.761475
4278.481445 0.000000 2395.846191 0.000000 0.987491 0.000000 0.157677 0.747925 0.747925 0.747925
4281.269043 0.000000 2405.076904 0.000000 0.600506 0.000000 -0.799620 0.767351 0.767351 0.767351
4256.658203 0.000000 2393.936035 0.000000 0.612608 0.000000 -0.790387 0.768772 0.768772 0.768772
4268.062988 0.000000 2391.361328 0.000000 0.886141 0.000000 0.463415 0.743685 0.743685 0.743685
4279.031250 0.000000 2411.374512 0.000000 0.893196 0.000000 0.449667 0.741267 0.741267 0.741267
4266.002441 0.000000 2396.915527 0.000000 0.149690 0.000000 -0.988733 0.773939 0.773939 0.773939
4274.392090 0.000000 2390.621338 0.000000 0.726812 0.000000 -0.686836 0.776935 0.776935 0.776935
4300.784668 0.000000 2423.690430 0.000000 0.964474 0.000000 0.264178 0.745495 0.745495 0.745495
4288.458984 0.000000 2416.373779 0.000000 0.399179 0.000000 0.916873 0.726104 0.726104 0.726104
4288.640137 0.000000 2411.855713 0.000000 0.051149 0.000000 -0.998691 0.778454 0.778454 0.778454
4253.219727 0.000000 2385.929199 0.000000 0.005616 0.000000 0.999984 0.717763 0.717763 0.717763
4241.231934 0.000000 2385.210938 0.000000 0.629974 0.000000 0.776616 0.731684 0.731684 0.731684
4301.812988 0.000000 2418.317871 0.000000 0.949100 0.000000 -0.314974 0.763199 0.763199 0.763199
4252.475586 0.000000 2393.721924 0.000000 0.727971 0.000000 0.685608 0.733026 0.733026 0.733026
4277.285645 0.000000 2405.968506 0.000000 0.943639 0.000000 0.330977 0.740525 0.740525 0.740525
4305.088867 0.000000 2416.041748 0.000000 0.152559 0.000000 -0.988294 0.781853 0.781853 0.781853
4255.063477 0.000000 2390.060547 0.000000 0.989500 0.000000 0.144530 0.746198 0.746198 0.746198
4294.009766 0.000000 2417.542725 0.000000 0.927239 0.000000 0.374469 0.740657 0.740657 0.740657
4274.854004 0.000000 2398.237549 0.000000 0.767163 0.000000 -0.641452 0.773471 0.773471 0.773471
4247.890137 0.000000 2391.375488 0.000000 0.874233 0.000000 -0.485507 0.767086 0.767086 0.767086
4273.570801 0.000000 2404.515137 0.000000 0.502340 0.000000 0.864670 0.716753 0.716753 0.716753
4240.708984 0.000000 2389.950439 0.000000 0.680176 0.000000 0.733049 0.720728 0.720728 0.720728
4248.324219 0.000000 2387.838135 0.000000 0.525649 0.000000 -0.850702 0.795716 0.795716 0.795716
4295.816895 0.000000 2422.658936 0.000000 0.320441 0.000000 0.947268 0.703392 0.703392 0.703392
4277.655762 0.000000 2392.343506 0.000000 0.637465 0.000000 0.770479 0.717061 0.717061 0.717061
4298.049316 0.000000 2425.911133 0.000000 0.961458 0.000000 0.274951 0.737483 0.737483 0.737483
4290.019531 0.000000 2419.196045 0.000000 0.010420 0.000000 0.999946 0.697410 0.697410 0.697410
4252.600098 0.000000 2396.868408 0.000000 0.929385 0.000000 0.369112 0.733719 0.733719 0.733719
4277.816895 0.000000 2398.819824 0.000000 0.333017 0.000000 -0.942921 0.796110 0.796110 0.796110
4301.958984 0.000000 2421.111572 0.000000 0.321080 0.000000 -0.947052 0.810558 0.810558 0.810558
4291.365234 0.000000 2411.180908 0.000000 0.841922 0.000000 0.539599 0.724387 0.724387 0.724387
4298.410645 0.000000 2422.397705 0.000000 0.998833 0.000000 0.048294 0.747286 0.747286 0.747286
4458.028809 0.000000 2330.643311 0.000000 0.420170 0.000000 -0.907445 0.752129 0.752129 0.752129
4462.780762 0.000000 2365.030273 0.000000 0.995050 0.000000 -0.099373 0.751118 0.751118 0.751118
4443.046387 0.000000 2350.666748 0.000000 0.308486 0.000000 -0.951229 0.766478 0.766478 0.766478
4474.005859 0.000000 2319.346680 0.000000 0.849710 0.000000 0.527251 0.747920 0.747920 0.747920
4446.916992 0.000000 2366.070557 0.000000 0.983690 0.000000 -0.179871 0.750677 0.750677 0.750677
4456.876465 0.000000 2346.153809 0.000000 0.633424 0.000000 0.773805 0.738403 0.738403 0.738403
4474.800293 0.000000 2332.733887 0.000000 0.999769 0.000000 0.021497 0.749356 0.749356 0.749356
4453.855957 0.000000 2357.283447 0.000000 0.735822 0.000000 0.677175 0.740250 0.740250 0.740250
4464.996582 0.000000 2338.179688 0.000000 0.133601 0.000000 0.991035 0.706956 0.706956 0.706956
4437.402344 0.000000 2342.707275 0.000000 0.257748 0.000000 0.966212 0.740188 0.740188 0.740188
4466.479980 0.000000 2329.878906 0.000000 0.996269 0.000000 -0.086298 0.752265 0.752265 0.752265
4473.177734 0.000000 2354.038574 0.000000 0.792062 0.000000 0.610441 0.731558 0.731558 0.731558
4455.141602 0.000000 2364.688965 0.000000 0.999421 0.000000 -0.034010 0.750828 0.750828 0.750828
4456.205078 0.000000 2339.013184 0.000000 0.999926 0.000000 -0.012176 0.750296 0.750296 0.750296
4446.991211 0.000000 2358.627930 0.000000 0.261511 0.000000 0.965200 0.732880 0.732880 0.732880
4472.296875 0.000000 2326.179688 0.000000 0.716488 0.000000 -0.697599 0.771684 0.771684 0.771684
4468.429688 0.000000 2359.660156 0.000000 0.084093 0.000000 0.996458 0.708247 0.708247 0.708247
4463.461914 0.000000 2345.126465 0.000000 0.716752 0.000000 0.697328 0.741331 0.741331 0.741331
4436.471680 0.000000 2349.952637 0.000000 0.240030 0.000000 -0.970765 0.767411 0.767411 0.767411
4449.066406 0.000000 2352.772949 0.000000 0.264183 0.000000 0.964473 0.737797 0.737797 0.737797
4452.312988 0.000000 2334.014404 0.000000 0.987490 0.000000 0.157681 0.746739 0.746739 0.746739
4458.455566 0.000000 2352.153320 0.000000 0.487675 0.000000 0.873025 0.736089 0.736089 0.736089
4470.343750 0.000000 2336.454346 0.000000 0.609567 0.000000 0.792734 0.738003 0.738003 0.738003
4479.384766 0.000000 2353.117188 0.000000 0.974077 0.000000 0.226216 0.743591 0.743591 0.743591
4452.704590 0.000000 2328.428711 0.000000 0.222790 0.000000 -0.974866 0.777725 0.777725 0.777725
4477.873047 0.000000 2322.933350 0.000000 0.534849 0.000000 0.844948 0.721732 0.721732 0.721732
4453.654785 0.000000 2350.356445 0.000000 0.560569 0.000000 -0.828107 0.762789 0.762789 0.762789
4450.585938 0.000000 2362.258545 0.000000 0.921991 0.000000 -0.387211 0.755211 0.755211 0.755211
4473.672852 0.000000 2359.352539 0.000000 0.903326 0.000000 -0.428955 0.759131 0.759131 0.759131
4477.741699 0.000000 2336.027100 0.000000 0.888331 0.000000 0.459204 0.739280 0.739280 0.739280
4464.036133 0.000000 2360.609375 0.000000 0.802420 0.000000 -0.596760 0.766763 0.766763 0.766763
4466.958496 0.000000 2364.369141 0.000000 0.345514 0.000000 -0.938414 0.784209 0.784209 0.784209
4470.670898 0.000000 2331.410400 0.000000 0.983383 0.000000 -0.181542 0.755127 0.755127 0.755127
4456.462402 0.000000 2334.667969 0.000000 0.223936 0.000000 0.974604 0.707189 0.707189 0.707189
4474.610840 0.000000 2329.008545 0.000000 0.953053 0.000000 0.302805 0.741360 0.741360 0.741360
4474.229492 0.000000 2322.999023 0.000000 0.642439 0.000000 0.766337 0.725477 0.725477 0.725477
4476.007812 0.000000 2352.124756 0.000000 0.996125 0.000000 0.087949 0.747527 0.747527 0.747527
4458.958496 0.000000 2338.155029 0.000000 0.940495 0.000000 -0.339808 0.763633 0.763633 0.763633
4462.036621 0.000000 2338.126221 0.000000 0.890184 0.000000 -0.455602 0.769486 0.769486 0.769486
4567.469238 0.000000 2314.092041 0.000000 0.999906 0.000000 -0.013676 0.750282 0.750282 0.750282
4497.892090 0.000000 2332.711670 0.000000 0.260098 0.000000 -0.965582 0.786727 0.786727 0.786727
4510.936523 0.000000 2345.748047 0.000000 0.838708 0.000000 0.544582 0.733825 0.733825 0.733825
4536.363281 0.000000 2325.811768 0.000000 0.949703 0.000000 0.313151 0.741054 0.741054 0.741054
4480.152832 0.000000 2337.239746 0.000000 0.051986 0.000000 -0.998648 0.792657 0.792657 0.792657
4552.363770 0.000000 2321.871338 0.000000 0.952370 0.000000 -0.304943 0.753481 0.753481 0.753481
4503.673340 0.000000 2361.781738 0.000000 0.220756 0.000000 -0.975329 0.752524 0.752524 0.752524
4514.909180 0.000000 2316.465820 0.000000 0.963384 0.000000 -0.268127 0.757624 0.757624 0.757624
4507.240234 0.000000 2325.693115 0.000000 0.433027 0.000000 0.901381 0.722666 0.722666 0.722666
4519.719238 0.000000 2338.353760 0.000000 0.474359 0.000000 0.880332 0.719764 0.719764 0.719764
4521.032715 0.000000 2351.605469 0.000000 0.824918 0.000000 0.565252 0.735377 0.735377 0.735377
4482.031738 0.000000 2348.097168 0.000000 0.522269 0.000000 0.852781 0.721316 0.721316 0.721316
4527.841797 0.000000 2331.985596 0.000000 0.998368 0.000000 0.057104 0.748395 0.748395 0.748395
4527.016113 0.000000 2321.922363 0.000000 0.187123 0.000000 0.982337 0.711169 0.711169 0.711169
4510.189453 0.000000 2335.672119 0.000000 0.574083 0.000000 0.818797 0.741019 0.741019 0.741019
4503.739258 0.000000 2352.629883 0.000000 0.979051 0.000000 0.203613 0.744241 0.744241 0.744241
4488.509766 0.000000 2361.927734 0.000000 0.871580 0.000000 0.490253 0.746162 0.746162 0.746162
4543.955566 0.000000 2318.788818 0.000000 0.449854 0.000000 -0.893102 0.781013 0.781013 0.781013
4558.672363 0.000000 2316.144531 0.000000 0.282413 0.000000 0.959293 0.713924 0.713924 0.713924
4496.098145 0.000000 2359.347656 0.000000 0.909732 0.000000 0.415197 0.737975 0.737975 0.737975
4482.495117 0.000000 2367.025879 0.000000 0.853358 0.000000 0.521325 0.743839 0.743839 0.743839
4522.078125 0.000000 2316.827148 0.000000 0.955310 0.000000 -0.295604 0.757867 0.757867 0.757867
4503.496582 0.000000 2337.939209 0.000000 0.914120 0.000000 0.405443 0.738275 0.738275 0.738275
4572.696289 0.000000 2319.005615 0.000000 0.269624 0.000000 -0.962966 0.771870 0.771870 0.771870
4513.390625 0.000000 2322.972412 0.000000 0.443257 0.000000 0.896395 0.718780 0.718780 0.718780
4533.371094 0.000000 2320.079102 0.000000 0.236379 0.000000 0.971661 0.712585 0.712585 0.712585
4493.518555 0.000000 2345.810791 0.000000 0.037370 0.000000 0.999301 0.735644 0.735644 0.735644
4486.291504 0.000000 2355.846436 0.000000 0.968760 0.000000 0.247999 0.742961 0.742961 0.742961
4542.491699 0.000000 2311.668457 0.000000 0.694659 0.000000 -0.719340 0.772549 0.772549 0.772549
4498.082520 0.000000 2366.008545 0.000000 0.945246 0.000000 0.326358 0.746265 0.746265 0.746265
4497.897949 0.000000 2350.354248 0.000000 0.999997 0.000000 0.002533 0.749929 0.749929 0.749929
4514.742188 0.000000 2351.172363 0.000000 0.984176 0.000000 0.177196 0.744997 0.744997 0.744997
4525.998047 0.000000 2337.816162 0.000000 0.903095 0.000000 -0.429440 0.759973 0.759973 0.759973
4485.882324 0.000000 2335.554932 0.000000 0.404224 0.000000 -0.914660 0.782430 0.782430 0.782430
4491.916016 0.000000 2333.845703 0.000000 0.882883 0.000000 0.469593 0.736271 0.736271 0.736271
4530.418945 0.000000 2314.993408 0.000000 0.885734 0.000000 -0.464194 0.763558 0.763558 0.763558
4524.047363 0.000000 2327.376953 0.000000 0.939242 0.000000 0.343256 0.741471 0.741471 0.741471
4487.925293 0.000000 2347.229492 0.000000 0.480903 0.000000 -0.876774 0.780027 0.780027 0.780027
4531.584961 0.000000 2309.072998 0.000000 0.444483 0.000000 -0.895787 0.777024 0.777024 0.777024
4514.194336 0.000000 2339.738281 0.000000 0.839390 0.000000 0.543530 0.737089 0.737089 0.737089
4530.376465 0.000000 2326.636963 0.000000 0.976295 0.000000 0.216445 0.747140 0.747140 0.747140
4538.769043 0.000000 2320.314697 0.000000 0.801993 0.000000 -0.597333 0.767980 0.767980 0.767980
4508.259766 0.000000 2340.916016 0.000000 0.215010 0.000000 -0.976612 0.788031 0.788031 0.788031
4515.875488 0.000000 2334.507568 0.000000 0.480912 0.000000 0.876769 0.721975 0.721975 0.721975
4506.796387 0.000000 2357.145752 0.000000 0.990035 0.000000 -0.140819 0.753968 0.753968 0.753968
4509.199707 0.000000 2351.905029 0.000000 0.978927 0.000000 -0.204210 0.755776 0.755776 0.755776
4551.569336 0.000000 2327.618652 0.000000 0.197071 0.000000 -0.980389 0.788546 0.788546 0.788546
4563.898438 0.000000 2318.241943 0.000000 0.508133 0.000000 0.861279 0.720853 0.720853 0.720853
4548.941406 0.000000 2317.236572 0.000000 0.531596 0.000000 -0.846998 0.778376 0.778376 0.778376
4480.244629 0.000000 2352.971680 0.000000 0.253785 0.000000 0.967261 0.715550 0.715550 0.715550
4500.590820 0.000000 2356.823486 0.000000 0.305026 0.000000 0.952344 0.712227 0.712227 0.712227
4553.797363 0.000000 2316.481934 0.000000 0.757634 0.000000 0.652679 0.730027 0.730027 0.730027
4496.310059 0.000000 2354.759521 0.000000 0.512319 0.000000 -0.858795 0.765472 0.765472 0.765472
4568.196777 0.000000 2319.909668 0.000000 0.211286 0.000000 -0.977424 0.780511 0.780511 0.780511
4485.567871 0.000000 2351.204590 0.000000 0.798331 0.000000 -0.602219 0.760891 0.760891 0.760891
4526.499023 0.000000 2317.252441 0.000000 0.125039 0.000000 0.992152 0.709403 0.709403 0.709403
4562.913086 0.000000 2314.022461 0.000000 0.983497 0.000000 0.180927 0.745912 0.745912 0.745912
4509.204102 0.000000 2321.944824 0.000000 0.297634 0.000000 0.954680 0.723872 0.723872 0.723872
4508.459961 0.000000 2329.737549 0.000000 0.988192 0.000000 0.153220 0.745680 0.745680 0.745680
4501.630859 0.000000 2334.136719 0.000000 0.876269 0.000000 -0.481823 0.764120 0.764120 0.764120
4519.589844 0.000000 2347.883301 0.000000 0.282113 0.000000 -0.959381 0.776462 0.776462 0.776462
4535.765625 0.000000 2310.052734 0.000000 0.838628 0.000000 0.544704 0.737057 0.737057 0.737057
4502.051758 0.000000 2365.636963 0.000000 0.175069 0.000000 0.984556 0.710825 0.710825 0.710825
4486.230957 0.000000 2365.406494 0.000000 0.654408 0.000000 -0.756141 0.772476 0.772476 0.772476
4516.555176 0.000000 2319.933350 0.000000 0.889615 0.000000 -0.456712 0.763321 0.763321 0.763321
4520.057129 0.000000 2342.248779 0.000000 0.232015 0.000000 0.972712 0.717464 0.717464 0.717464
4523.744629 0.000000 2348.704102 0.000000 0.997985 0.000000 0.063443 0.748217 0.748217 0.748217
4507.818848 0.000000 2348.258789 0.000000 0.307962 0.000000 -0.951399 0.785325 0.785325 0.785325
4506.216797 0.000000 2335.301514 0.000000 0.604847 0.000000 0.796341 0.724126 0.724126 0.724126
4532.889160 0.000000 2323.845703 0.000000 0.420394 0.000000 0.907342 0.718068 0.718068 0.718068
4523.045898 0.000000 2339.995850 0.000000 0.428660 0.000000 -0.903466 0.781675 0.781675 0.781675
4523.947266 0.000000 2319.926514 0.000000 0.093066 0.000000 0.995660 0.708500 0.708500 0.708500
4494.314941 0.000000 2349.486328 0.000000 0.035036 0.000000 -0.999386 0.793133 0.793133 0.793133
4488.198730 0.000000 2332.707764 0.000000 0.849710 0.000000 0.527250 0.734402 0.734402 0.734402
4514.235840 0.000000 2347.454346 0.000000 0.364299 0.000000 0.931282 0.716355 0.716355 0.716355
4497.041992 0.000000 2346.836426 0.000000 0.220754 0.000000 -0.975329 0.787866 0.787866 0.787866
4532.970215 0.000000 2312.545898 0.000000 0.459274 0.000000 -0.888295 0.780716 0.780716 0.780716
4483.402344 0.000000 2338.767578 0.000000 0.709679 0.000000 0.704525 0.728044 0.728044 0.728044
4538.916504 0.000000 2311.728516 0.000000 0.774851 0.000000 -0.632144 0.767938 0.767938 0.767938
4513.385254 0.000000 2343.170898 0.000000 0.914542 0.000000 -0.404490 0.761696 0.761696 0.761696
4492.581055 0.000000 2360.941406 0.000000 0.776501 0.000000 0.630116 0.730854 0.730854 0.730854
4490.990234 0.000000 2330.515137 0.000000 0.397468 0.000000 -0.917616 0.780461 0.780461 0.780461
4536.998047 0.000000 2329.225586 0.000000 0.094672 0.000000 0.995508 0.708545 0.708545 0.708545
4513.106934 0.000000 2319.517334 0.000000 0.190379 0.000000 -0.981711 0.788738 0.788738 0.788738
4499.726562 0.000000 2353.367676 0.000000 0.986412 0.000000 0.164293 0.745365 0.745365 0.745365
4486.757812 0.000000 2339.859375 0.000000 0.932167 0.000000 0.362028 0.739596 0.739596 0.739596
4569.537598 0.000000 2316.780029 0.000000 0.999046 0.000000 0.043674 0.748773 0.748773 0.748773
4527.380371 0.000000 2328.305664 0.000000 0.883677 0.000000 0.468097 0.736318 0.736318 0.736318
4496.155762 0.000000 2362.783691 0.000000 0.490154 0.000000 0.871636 0.720270 0.720270 0.720270
4526.557617 0.000000 2325.089355 0.000000 0.590896 0.000000 -0.806747 0.790422 0.790422 0.790422
4529.774414 0.000000 2323.593018 0.000000 0.906280 0.000000 0.422679 0.731206 0.731206 0.731206
4461.624512 0.000000 2368.381104 0.000000 0.975648 0.000000 -0.219340 0.752898 0.752898 0.752898
4454.379395 0.000000 2380.290039 0.000000 0.707928 0.000000 -0.706284 0.758810 0.758810 0.758810
4448.075684 0.000000 2367.616699 0.000000 0.007038 0.000000 0.999975 0.729504 0.729504 0.729504
4448.582520 0.000000 2402.855957 0.000000 0.516073 0.000000 -0.856545 0.753852 0.753852 0.753852
4463.841797 0.000000 2385.866455 0.000000 0.886504 0.000000 0.462721 0.747298 0.747298 0.747298
4470.008789 0.000000 2373.631348 0.000000 0.155438 0.000000 0.987846 0.723511 0.723511 0.723511
4462.486328 0.000000 2377.530518 0.000000 0.232357 0.000000 -0.972631 0.767515 0.767515 0.767515
4454.747559 0.000000 2372.524902 0.000000 0.221134 0.000000 -0.975244 0.762618 0.762618 0.762618
4455.778809 0.000000 2387.590088 0.000000 0.983046 0.000000 0.183356 0.747583 0.747583 0.747583
4452.312988 0.000000 2397.998779 0.000000 0.715448 0.000000 -0.698666 0.758690 0.758690 0.758690
4467.106445 0.000000 2368.951660 0.000000 0.927276 0.000000 -0.374378 0.760777 0.760777 0.760777
4452.704590 0.000000 2392.413086 0.000000 0.019238 0.000000 0.999815 0.729664 0.729664 0.729664
4459.398926 0.000000 2382.389893 0.000000 0.979330 0.000000 0.202267 0.747330 0.747330 0.747330
4460.619141 0.000000 2389.982910 0.000000 0.884001 0.000000 -0.467485 0.756376 0.756376 0.756376
4478.091309 0.000000 2392.409424 0.000000 0.379688 0.000000 -0.925115 0.783179 0.783179 0.783179
4482.143555 0.000000 2384.660889 0.000000 0.850906 0.000000 -0.525318 0.765534 0.765534 0.765534
4489.850098 0.000000 2368.488525 0.000000 0.221468 0.000000 -0.975168 0.787845 0.787845 0.787845
4498.986816 0.000000 2371.857910 0.000000 0.396305 0.000000 0.918119 0.717327 0.717327 0.717327
4482.428711 0.000000 2373.999756 0.000000 0.989891 0.000000 0.141827 0.749201 0.749201 0.749201
4479.919434 0.000000 2392.244873 0.000000 0.998145 0.000000 0.060890 0.748289 0.748289 0.748289
4503.182617 0.000000 2367.598633 0.000000 0.799022 0.000000 0.601302 0.731881 0.731881 0.731881
4487.926270 0.000000 2373.328613 0.000000 0.977810 0.000000 0.209493 0.744072 0.744072 0.744072
4484.833008 0.000000 2369.136963 0.000000 0.979625 0.000000 0.200835 0.744321 0.744321 0.744321
4485.847656 0.000000 2381.398193 0.000000 0.985008 0.000000 -0.172511 0.754870 0.754870 0.754870
4494.822266 0.000000 2368.944580 0.000000 0.991559 0.000000 -0.129656 0.753652 0.753652 0.753652
4483.790039 0.000000 2389.371826 0.000000 0.419072 0.000000 -0.907953 0.781973 0.781973 0.781973
4485.578125 0.000000 2376.871094 0.000000 0.658860 0.000000 0.752266 0.726085 0.726085 0.726085
4479.819824 0.000000 2388.137939 0.000000 0.222056 0.000000 -0.975034 0.787829 0.787829 0.787829
4095.843262 0.000000 2452.122314 0.000000 0.989370 0.000000 -0.145419 0.755738 0.755738 0.755738
"}
