object={
	name="tree_leaf_01_single_generator_1_0"
	clamp_to_water_level=no
	render_under_water=no
	generated_content=yes
	layer="tree_high_layer"
	pdxmesh="tree_leaf_01_single_a_mesh"
	count=23
	transform="302.349243 0.000000 585.487671 0.000000 0.835075 0.000000 -0.550137 0.891387 0.891387 0.891387
313.132477 0.000000 579.694519 0.000000 0.609110 0.000000 0.793086 0.650383 0.650383 0.650383
315.492493 0.000000 581.680664 0.000000 0.852150 0.000000 -0.523298 0.789505 0.789505 0.789505
310.637848 0.000000 581.293823 0.000000 0.865483 0.000000 -0.500938 0.888887 0.888887 0.888887
304.299255 0.000000 583.989868 0.000000 0.855696 0.000000 -0.517479 0.772239 0.772239 0.772239
305.823944 0.000000 582.268005 0.000000 0.570908 0.000000 0.821014 0.572073 0.572073 0.572073
312.670685 0.000000 581.682556 0.000000 0.028742 0.000000 0.999587 0.295771 0.295771 0.295771
308.215790 0.000000 580.253906 0.000000 0.211140 0.000000 0.977456 0.415202 0.415202 0.415202
301.847168 0.000000 587.373962 0.000000 0.445154 0.000000 -0.895454 0.876436 0.876436 0.876436
300.483307 0.000000 585.319946 0.000000 0.997018 0.000000 0.077166 0.676377 0.676377 0.676377
314.811462 0.000000 580.043701 0.000000 0.987777 0.000000 0.155872 0.674563 0.674563 0.674563
316.842529 0.000000 580.579224 0.000000 0.695807 0.000000 -0.718229 0.854028 0.854028 0.854028
303.900818 0.000000 585.481689 0.000000 0.559342 0.000000 -0.828937 1.021056 1.021056 1.021056
311.846497 0.000000 580.399902 0.000000 0.263997 0.000000 -0.964524 1.169311 1.169311 1.169311
309.230835 0.000000 581.627441 0.000000 0.613888 0.000000 0.789393 0.509202 0.509202 0.509202
300.296539 0.000000 586.725281 0.000000 0.771955 0.000000 -0.635677 0.809553 0.809553 0.809553
313.896790 0.000000 581.114258 0.000000 0.064917 0.000000 0.997891 0.305265 0.305265 0.305265
316.967194 0.000000 581.934753 0.000000 0.278248 0.000000 0.960509 0.452243 0.452243 0.452243
301.453217 0.000000 584.684570 0.000000 0.016281 0.000000 0.999867 0.224587 0.224587 0.224587
309.454651 0.000000 580.472168 0.000000 0.986317 0.000000 -0.164858 0.734731 0.734731 0.734731
303.242889 0.000000 584.545288 0.000000 0.925589 0.000000 -0.378529 0.827544 0.827544 0.827544
311.698669 0.000000 581.419250 0.000000 0.485255 0.000000 0.874373 0.316907 0.316907 0.316907
300.307587 0.000000 584.353821 0.000000 0.860814 0.000000 0.508919 0.536710 0.536710 0.536710
"}
