object={
	name="tree_palm_generator_1_0"
	clamp_to_water_level=no
	render_under_water=no
	generated_content=yes
	layer="tree_high_layer"
	pdxmesh="tree_palm_01_a_mesh"
	count=377
	transform="468.248230 0.000000 455.119507 0.000000 0.706775 0.000000 0.707439 0.676927 0.676927 0.676927
477.702698 0.000000 449.999451 0.000000 0.953671 0.000000 0.300851 0.688892 0.688892 0.688892
468.428589 0.000000 450.529236 0.000000 0.195626 0.000000 0.980679 0.605880 0.605880 0.605880
476.839783 0.000000 456.014648 0.000000 0.998597 0.000000 -0.052944 0.702666 0.702666 0.702666
477.413940 0.000000 452.980530 0.000000 0.864171 0.000000 0.503198 0.654294 0.654294 0.654294
479.801147 0.000000 451.947876 0.000000 0.520139 0.000000 0.854081 0.592651 0.592651 0.592651
478.883484 0.000000 456.577484 0.000000 0.724706 0.000000 -0.689059 0.739323 0.739323 0.739323
470.307373 0.000000 451.049286 0.000000 0.488183 0.000000 -0.872741 0.778602 0.778602 0.778602
476.047394 0.000000 454.279236 0.000000 0.464284 0.000000 -0.885687 0.811037 0.811037 0.811037
477.997559 0.000000 454.654816 0.000000 0.608882 0.000000 -0.793260 0.793501 0.793501 0.793501
479.041626 0.000000 453.332367 0.000000 0.992971 0.000000 0.118358 0.687560 0.687560 0.687560
506.287903 0.000000 467.040588 0.000000 0.861080 0.000000 -0.508469 0.718643 0.718643 0.718643
520.389404 0.000000 443.616577 0.000000 0.944708 0.000000 -0.327914 0.701401 0.701401 0.701401
505.116852 0.000000 451.710144 0.000000 0.484004 0.000000 -0.875066 0.863871 0.863871 0.863871
502.468018 0.000000 431.199738 0.000000 0.993709 0.000000 -0.111997 0.708787 0.708787 0.708787
510.280853 0.000000 443.143219 0.000000 0.917042 0.000000 -0.398792 0.710896 0.710896 0.710896
502.463837 0.000000 459.778564 0.000000 0.999942 0.000000 0.010758 0.699248 0.699248 0.699248
498.103973 0.000000 448.796997 0.000000 0.745413 0.000000 -0.666603 0.778547 0.778547 0.778547
502.075531 0.000000 472.944702 0.000000 0.999216 0.000000 0.039584 0.694852 0.694852 0.694852
507.517822 0.000000 436.586426 0.000000 0.969698 0.000000 0.244309 0.695859 0.695859 0.695859
499.515472 0.000000 465.884308 0.000000 0.654302 0.000000 -0.756234 0.715586 0.715586 0.715586
485.411865 0.000000 441.006012 0.000000 0.839422 0.000000 0.543480 0.675098 0.675098 0.675098
521.940735 0.000000 457.255707 0.000000 0.421692 0.000000 -0.906739 0.804774 0.804774 0.804774
493.729767 0.000000 463.652771 0.000000 0.400234 0.000000 -0.916413 0.776159 0.776159 0.776159
499.885956 0.000000 454.399750 0.000000 0.102907 0.000000 -0.994691 0.743091 0.743091 0.743091
485.448975 0.000000 446.810425 0.000000 0.372972 0.000000 0.927843 0.550445 0.550445 0.550445
505.691864 0.000000 441.156982 0.000000 0.720903 0.000000 0.693036 0.633630 0.633630 0.633630
502.380585 0.000000 436.420776 0.000000 0.825078 0.000000 0.565018 0.655508 0.655508 0.655508
481.405884 0.000000 450.014160 0.000000 0.987835 0.000000 -0.155505 0.705457 0.705457 0.705457
497.960358 0.000000 461.335114 0.000000 0.994237 0.000000 -0.107204 0.701652 0.701652 0.701652
515.119019 0.000000 442.306152 0.000000 0.854373 0.000000 0.519660 0.674025 0.674025 0.674025
490.077850 0.000000 442.521576 0.000000 0.876149 0.000000 0.482040 0.687342 0.687342 0.687342
521.117920 0.000000 448.009277 0.000000 0.054038 0.000000 0.998539 0.462505 0.462505 0.462505
525.793640 0.000000 455.225525 0.000000 0.214241 0.000000 0.976781 0.654539 0.654539 0.654539
503.303497 0.000000 464.333557 0.000000 0.994907 0.000000 -0.100799 0.710446 0.710446 0.710446
502.497772 0.000000 468.927490 0.000000 0.363655 0.000000 -0.931534 0.822329 0.822329 0.822329
505.885345 0.000000 471.043243 0.000000 0.832049 0.000000 -0.554702 0.829887 0.829887 0.829887
511.125275 0.000000 434.550720 0.000000 0.171217 0.000000 0.985233 0.633512 0.633512 0.633512
515.776184 0.000000 434.174408 0.000000 0.205284 0.000000 -0.978702 0.722884 0.722884 0.722884
501.385651 0.000000 450.724182 0.000000 0.021083 0.000000 0.999778 0.277513 0.277513 0.277513
524.453735 0.000000 446.352783 0.000000 0.978795 0.000000 -0.204843 0.722209 0.722209 0.722209
517.655884 0.000000 446.186005 0.000000 0.580544 0.000000 0.814229 0.633494 0.633494 0.633494
505.117279 0.000000 433.809326 0.000000 0.224705 0.000000 0.974427 0.662416 0.662416 0.662416
496.089264 0.000000 466.881287 0.000000 0.999418 0.000000 -0.034110 0.704770 0.704770 0.704770
518.320557 0.000000 458.120239 0.000000 0.051612 0.000000 -0.998667 0.923008 0.923008 0.923008
492.039673 0.000000 460.178589 0.000000 0.289355 0.000000 0.957222 0.666072 0.666072 0.666072
522.623230 0.000000 453.917389 0.000000 0.987604 0.000000 0.156968 0.683473 0.683473 0.683473
483.388550 0.000000 443.871582 0.000000 0.158423 0.000000 -0.987371 0.735526 0.735526 0.735526
502.971832 0.000000 439.537994 0.000000 0.403594 0.000000 -0.914938 0.796916 0.796916 0.796916
499.566498 0.000000 428.643768 0.000000 0.989458 0.000000 -0.144821 0.705486 0.705486 0.705486
507.049713 0.000000 474.022980 0.000000 0.027887 0.000000 -0.999611 0.794912 0.794912 0.794912
518.218506 0.000000 449.251526 0.000000 0.441533 0.000000 0.897245 0.647071 0.647071 0.647071
511.650757 0.000000 449.324463 0.000000 0.697020 0.000000 -0.717052 0.914626 0.914626 0.914626
509.161133 0.000000 459.842529 0.000000 0.577629 0.000000 0.816299 0.558477 0.558477 0.558477
506.120361 0.000000 448.850555 0.000000 0.998971 0.000000 -0.045347 0.703298 0.703298 0.703298
494.990051 0.000000 460.879639 0.000000 0.572717 0.000000 -0.819753 0.740305 0.740305 0.740305
492.799316 0.000000 444.763611 0.000000 0.925821 0.000000 0.377963 0.647979 0.647979 0.647979
493.930176 0.000000 439.745026 0.000000 0.126623 0.000000 -0.991951 0.948285 0.948285 0.948285
496.738342 0.000000 464.089111 0.000000 0.947535 0.000000 -0.319652 0.726838 0.726838 0.726838
509.179810 0.000000 463.844696 0.000000 0.996318 0.000000 -0.085737 0.703000 0.703000 0.703000
500.910065 0.000000 457.177032 0.000000 0.183295 0.000000 -0.983058 0.845377 0.845377 0.845377
517.976440 0.000000 441.910492 0.000000 0.089781 0.000000 -0.995962 0.774534 0.774534 0.774534
488.210724 0.000000 446.563446 0.000000 0.900493 0.000000 -0.434870 0.727046 0.727046 0.727046
511.257660 0.000000 437.106750 0.000000 0.175489 0.000000 -0.984481 0.865704 0.865704 0.865704
504.596008 0.000000 473.505005 0.000000 0.987141 0.000000 0.159849 0.661396 0.661396 0.661396
513.184814 0.000000 451.345215 0.000000 0.865760 0.000000 0.500460 0.663362 0.663362 0.663362
499.966309 0.000000 459.804382 0.000000 0.667640 0.000000 0.744484 0.643646 0.643646 0.643646
525.455566 0.000000 448.694916 0.000000 0.007259 0.000000 -0.999974 1.043191 1.043191 1.043191
507.186218 0.000000 439.122467 0.000000 0.774863 0.000000 0.632129 0.642598 0.642598 0.642598
515.711243 0.000000 439.888092 0.000000 0.743009 0.000000 0.669282 0.546232 0.546232 0.546232
493.371613 0.000000 454.231964 0.000000 0.999771 0.000000 -0.021406 0.701496 0.701496 0.701496
503.755615 0.000000 466.742188 0.000000 0.156248 0.000000 0.987718 0.456862 0.456862 0.456862
487.912140 0.000000 441.548462 0.000000 0.813865 0.000000 -0.581054 0.738141 0.738141 0.738141
493.821167 0.000000 467.634827 0.000000 0.539949 0.000000 0.841698 0.649648 0.649648 0.649648
493.981445 0.000000 451.809570 0.000000 0.927759 0.000000 -0.373181 0.730476 0.730476 0.730476
503.498871 0.000000 471.111328 0.000000 0.889802 0.000000 0.456347 0.632423 0.632423 0.632423
516.152954 0.000000 458.854553 0.000000 0.110968 0.000000 -0.993824 0.920387 0.920387 0.920387
520.005127 0.000000 446.058258 0.000000 0.587172 0.000000 -0.809462 0.833189 0.833189 0.833189
504.871948 0.000000 468.880676 0.000000 0.986757 0.000000 0.162203 0.676083 0.676083 0.676083
517.004517 0.000000 451.207764 0.000000 0.873242 0.000000 -0.487287 0.805315 0.805315 0.805315
523.180847 0.000000 449.102112 0.000000 0.981794 0.000000 0.189951 0.644425 0.644425 0.644425
499.596313 0.000000 436.263428 0.000000 0.861913 0.000000 0.507057 0.510421 0.510421 0.510421
500.505737 0.000000 467.976196 0.000000 0.999570 0.000000 -0.029339 0.703077 0.703077 0.703077
496.273926 0.000000 459.029175 0.000000 0.974370 0.000000 0.224950 0.679699 0.679699 0.679699
498.793884 0.000000 446.669312 0.000000 0.094627 0.000000 0.995513 0.345063 0.345063 0.345063
522.174194 0.000000 446.160797 0.000000 0.104278 0.000000 -0.994548 0.939853 0.939853 0.939853
503.602051 0.000000 458.026917 0.000000 0.409684 0.000000 -0.912228 0.780297 0.780297 0.780297
497.059448 0.000000 428.992737 0.000000 0.983668 0.000000 0.179993 0.690132 0.690132 0.690132
502.763672 0.000000 445.262299 0.000000 0.632533 0.000000 -0.774533 0.880844 0.880844 0.880844
513.119324 0.000000 435.724548 0.000000 0.019476 0.000000 -0.999810 0.799767 0.799767 0.799767
494.452179 0.000000 465.632965 0.000000 0.098681 0.000000 -0.995119 0.946947 0.946947 0.946947
523.683289 0.000000 455.649231 0.000000 0.961318 0.000000 -0.275441 0.720677 0.720677 0.720677
512.487061 0.000000 438.960327 0.000000 0.621329 0.000000 -0.783550 0.844758 0.844758 0.844758
494.770782 0.000000 445.025513 0.000000 0.510046 0.000000 -0.860147 0.901241 0.901241 0.901241
524.476196 0.000000 453.178955 0.000000 0.941406 0.000000 0.337275 0.674509 0.674509 0.674509
505.963623 0.000000 475.806488 0.000000 0.873086 0.000000 0.487566 0.657990 0.657990 0.657990
503.422882 0.000000 450.627441 0.000000 0.956378 0.000000 0.292133 0.594311 0.594311 0.594311
509.704468 0.000000 449.820892 0.000000 0.190442 0.000000 0.981698 0.503324 0.503324 0.503324
498.087891 0.000000 467.272705 0.000000 0.605406 0.000000 -0.795917 0.809391 0.809391 0.809391
515.219299 0.000000 436.109222 0.000000 0.969126 0.000000 0.246565 0.669349 0.669349 0.669349
483.759247 0.000000 445.797455 0.000000 0.560929 0.000000 -0.827864 0.784538 0.784538 0.784538
516.673889 0.000000 447.988983 0.000000 0.241067 0.000000 0.970508 0.607215 0.607215 0.607215
514.552673 0.000000 454.394714 0.000000 0.748386 0.000000 0.663264 0.637142 0.637142 0.637142
493.398712 0.000000 437.497803 0.000000 0.712968 0.000000 -0.701197 0.945527 0.945527 0.945527
508.667511 0.000000 461.672485 0.000000 0.855241 0.000000 0.518230 0.602510 0.602510 0.602510
493.831543 0.000000 459.389587 0.000000 0.739976 0.000000 0.672633 0.650491 0.650491 0.650491
499.095245 0.000000 456.191711 0.000000 0.072425 0.000000 0.997374 0.586884 0.586884 0.586884
492.674744 0.000000 450.518433 0.000000 0.570088 0.000000 -0.821584 0.776836 0.776836 0.776836
521.521362 0.000000 455.440552 0.000000 0.137795 0.000000 -0.990461 0.836192 0.836192 0.836192
496.471863 0.000000 443.706818 0.000000 0.567224 0.000000 -0.823563 0.840697 0.840697 0.840697
519.088501 0.000000 447.628845 0.000000 0.616445 0.000000 -0.787398 0.822943 0.822943 0.822943
492.467682 0.000000 457.335571 0.000000 1.000000 0.000000 -0.000163 0.700017 0.700017 0.700017
491.710419 0.000000 439.964752 0.000000 0.614439 0.000000 -0.788965 0.823288 0.823288 0.823288
485.757507 0.000000 445.035919 0.000000 0.055816 0.000000 -0.998441 0.992284 0.992284 0.992284
501.759644 0.000000 432.863434 0.000000 0.368073 0.000000 0.929797 0.274380 0.274380 0.274380
513.325134 0.000000 448.663513 0.000000 0.446404 0.000000 -0.894832 1.048555 1.048555 1.048555
522.801758 0.000000 452.102203 0.000000 0.798703 0.000000 0.601725 0.632299 0.632299 0.632299
486.593628 0.000000 437.084137 0.000000 0.998893 0.000000 0.047033 0.695264 0.695264 0.695264
497.782776 0.000000 465.515015 0.000000 0.917157 0.000000 -0.398527 0.733812 0.733812 0.733812
494.380768 0.000000 455.673096 0.000000 0.982585 0.000000 0.185811 0.682755 0.682755 0.682755
514.871826 0.000000 450.798218 0.000000 0.956577 0.000000 -0.291480 0.747140 0.747140 0.747140
499.409454 0.000000 432.276581 0.000000 0.999149 0.000000 0.041254 0.686673 0.686673 0.686673
482.067719 0.000000 445.450958 0.000000 0.653706 0.000000 0.756748 0.625600 0.625600 0.625600
492.709503 0.000000 465.370270 0.000000 0.528115 0.000000 0.849173 0.609234 0.609234 0.609234
507.179840 0.000000 472.272644 0.000000 0.018322 0.000000 0.999832 0.467761 0.467761 0.467761
513.959839 0.000000 439.825317 0.000000 0.936882 0.000000 0.349644 0.642572 0.642572 0.642572
504.051300 0.000000 441.553070 0.000000 0.471340 0.000000 -0.881951 0.793613 0.793613 0.793613
492.452728 0.000000 430.539795 0.000000 0.210375 0.000000 -0.977621 0.810185 0.810185 0.810185
515.947144 0.000000 446.347137 0.000000 0.798343 0.000000 0.602203 0.616877 0.616877 0.616877
497.957703 0.000000 459.519196 0.000000 0.963821 0.000000 0.266551 0.675858 0.675858 0.675858
493.356934 0.000000 443.236511 0.000000 0.588569 0.000000 -0.808447 0.802671 0.802671 0.802671
517.152222 0.000000 452.829041 0.000000 0.934312 0.000000 0.356455 0.601656 0.601656 0.601656
507.997223 0.000000 458.625000 0.000000 0.343323 0.000000 0.939217 0.572041 0.572041 0.572041
495.618530 0.000000 451.889709 0.000000 0.133536 0.000000 -0.991044 0.850662 0.850662 0.850662
502.023315 0.000000 467.390106 0.000000 0.436181 0.000000 -0.899859 0.892502 0.892502 0.892502
499.195435 0.000000 442.687012 0.000000 0.565696 0.000000 0.824614 0.474995 0.474995 0.474995
510.561127 0.000000 460.540924 0.000000 0.585808 0.000000 0.810450 0.501841 0.501841 0.501841
501.119446 0.000000 458.731995 0.000000 0.087119 0.000000 -0.996198 0.843115 0.843115 0.843115
523.376587 0.000000 447.478516 0.000000 0.958382 0.000000 0.285488 0.652643 0.652643 0.652643
499.112427 0.000000 434.809082 0.000000 0.991172 0.000000 -0.132586 0.742945 0.742945 0.742945
505.973602 0.000000 444.952362 0.000000 0.673967 0.000000 0.738761 0.505927 0.505927 0.505927
504.262604 0.000000 444.500183 0.000000 0.882956 0.000000 0.469455 0.585906 0.585906 0.585906
510.313446 0.000000 458.802612 0.000000 0.296797 0.000000 0.954941 0.465728 0.465728 0.465728
491.152679 0.000000 432.562531 0.000000 0.877324 0.000000 0.479898 0.632121 0.632121 0.632121
494.027191 0.000000 441.276947 0.000000 0.999318 0.000000 0.036931 0.693390 0.693390 0.693390
495.405487 0.000000 439.196350 0.000000 0.854978 0.000000 0.518664 0.536095 0.536095 0.536095
487.282715 0.000000 445.388306 0.000000 0.013101 0.000000 0.999914 0.423424 0.423424 0.423424
502.000061 0.000000 449.339966 0.000000 0.999669 0.000000 0.025730 0.690826 0.690826 0.690826
495.570618 0.000000 446.399292 0.000000 0.828470 0.000000 0.560033 0.588640 0.588640 0.588640
516.480103 0.000000 457.267792 0.000000 0.729547 0.000000 -0.683930 0.904269 0.904269 0.904269
509.299652 0.000000 444.410156 0.000000 0.909601 0.000000 -0.415482 0.774280 0.774280 0.774280
495.885193 0.000000 457.497284 0.000000 0.999777 0.000000 0.021107 0.696518 0.696518 0.696518
496.634857 0.000000 436.919434 0.000000 0.336713 0.000000 -0.941607 1.137567 1.137567 1.137567
494.789032 0.000000 462.569214 0.000000 0.175167 0.000000 -0.984539 0.846244 0.846244 0.846244
495.165680 0.000000 464.137878 0.000000 0.998863 0.000000 0.047679 0.691998 0.691998 0.691998
502.417084 0.000000 451.845520 0.000000 0.328425 0.000000 -0.944530 1.140700 1.140700 1.140700
500.961609 0.000000 436.826019 0.000000 0.973426 0.000000 0.229001 0.632165 0.632165 0.632165
503.523315 0.000000 446.856079 0.000000 0.225242 0.000000 0.974303 0.228509 0.228509 0.228509
517.231995 0.000000 459.914490 0.000000 0.678103 0.000000 -0.734967 0.824661 0.824661 0.824661
495.919159 0.000000 465.424164 0.000000 0.796590 0.000000 0.604519 0.591091 0.591091 0.591091
503.830872 0.000000 452.415558 0.000000 0.338901 0.000000 -0.940822 1.081932 1.081932 1.081932
501.215210 0.000000 453.643036 0.000000 0.070667 0.000000 0.997500 0.267977 0.267977 0.267977
500.478516 0.000000 455.725525 0.000000 0.744380 0.000000 -0.667757 0.780758 0.780758 0.780758
512.715515 0.000000 437.276794 0.000000 0.596131 0.000000 -0.802887 0.862896 0.862896 0.862896
488.846954 0.000000 434.508026 0.000000 0.658473 0.000000 0.752604 0.533237 0.533237 0.533237
497.168030 0.000000 440.825043 0.000000 0.803904 0.000000 -0.594759 0.927083 0.927083 0.927083
504.751495 0.000000 472.057495 0.000000 0.973154 0.000000 -0.230157 0.755846 0.755846 0.755846
496.827881 0.000000 432.320251 0.000000 0.818567 0.000000 0.574412 0.569971 0.569971 0.569971
488.472504 0.000000 439.583984 0.000000 0.931807 0.000000 0.362955 0.652744 0.652744 0.652744
505.954712 0.000000 473.085938 0.000000 0.715921 0.000000 -0.698182 0.885846 0.885846 0.885846
507.134064 0.000000 440.558472 0.000000 0.487036 0.000000 0.873382 0.541117 0.541117 0.541117
497.526428 0.000000 447.352173 0.000000 0.990428 0.000000 0.138030 0.672703 0.672703 0.672703
503.438080 0.000000 472.589447 0.000000 0.182575 0.000000 -0.983192 0.880363 0.880363 0.880363
492.741791 0.000000 438.984772 0.000000 0.384814 0.000000 0.922994 0.497809 0.497809 0.497809
513.147461 0.000000 461.159912 0.000000 0.076399 0.000000 -0.997077 0.948610 0.948610 0.948610
496.261841 0.000000 442.222595 0.000000 0.989797 0.000000 -0.142482 0.720788 0.720788 0.720788
492.755707 0.000000 435.041626 0.000000 0.987042 0.000000 0.160464 0.649530 0.649530 0.649530
521.039246 0.000000 449.522522 0.000000 0.939395 0.000000 0.342837 0.645206 0.645206 0.645206
496.280212 0.000000 430.215851 0.000000 0.368688 0.000000 0.929553 0.431424 0.431424 0.431424
500.195648 0.000000 446.985260 0.000000 0.590772 0.000000 0.806839 0.365318 0.365318 0.365318
494.812500 0.000000 432.536713 0.000000 0.701014 0.000000 -0.713148 0.850965 0.850965 0.850965
515.105774 0.000000 438.616028 0.000000 0.236052 0.000000 -0.971740 0.979438 0.979438 0.979438
496.998322 0.000000 434.295441 0.000000 0.733578 0.000000 0.679606 0.542255 0.542255 0.542255
513.126282 0.000000 459.050110 0.000000 0.982511 0.000000 0.186205 0.672243 0.672243 0.672243
499.228516 0.000000 447.970215 0.000000 0.068546 0.000000 0.997648 0.338770 0.338770 0.338770
514.106140 0.000000 441.188904 0.000000 0.994242 0.000000 -0.107158 0.713809 0.713809 0.713809
490.283600 0.000000 435.111145 0.000000 0.987759 0.000000 0.155989 0.652920 0.652920 0.652920
523.040466 0.000000 450.748047 0.000000 0.646830 0.000000 0.762634 0.436855 0.436855 0.436855
498.436218 0.000000 438.980408 0.000000 0.255449 0.000000 -0.966823 1.167910 1.167910 1.167910
510.395142 0.000000 448.674133 0.000000 0.881269 0.000000 0.472614 0.567865 0.567865 0.567865
490.274536 0.000000 438.798584 0.000000 0.889335 0.000000 0.457256 0.635597 0.635597 0.635597
512.201172 0.000000 447.758545 0.000000 0.943684 0.000000 0.330847 0.585443 0.585443 0.585443
492.123505 0.000000 437.036499 0.000000 0.624083 0.000000 0.781358 0.416632 0.416632 0.416632
524.449951 0.000000 449.557617 0.000000 0.477460 0.000000 0.878653 0.464473 0.464473 0.464473
498.166138 0.000000 445.389893 0.000000 0.887970 0.000000 0.459901 0.564373 0.564373 0.564373
484.488220 0.000000 444.616821 0.000000 0.090147 0.000000 0.995928 0.414357 0.414357 0.414357
509.186035 0.000000 458.005798 0.000000 0.345589 0.000000 -0.938386 0.880491 0.880491 0.880491
503.802673 0.000000 433.482635 0.000000 0.712070 0.000000 0.702109 0.536771 0.536771 0.536771
509.497986 0.000000 442.001801 0.000000 0.989658 0.000000 -0.143446 0.721533 0.721533 0.721533
494.316223 0.000000 438.528625 0.000000 0.998101 0.000000 0.061597 0.681473 0.681473 0.681473
500.096619 0.000000 444.493103 0.000000 0.932067 0.000000 -0.362285 0.814023 0.814023 0.814023
500.508209 0.000000 449.693268 0.000000 0.907061 0.000000 -0.421000 0.820290 0.820290 0.820290
501.172180 0.000000 431.677246 0.000000 0.979151 0.000000 0.203134 0.663966 0.663966 0.663966
507.456787 0.000000 447.891174 0.000000 0.069594 0.000000 0.997575 0.374701 0.374701 0.374701
504.693604 0.000000 470.498840 0.000000 0.973698 0.000000 -0.227841 0.750775 0.750775 0.750775
515.708008 0.000000 453.917511 0.000000 0.978354 0.000000 0.206936 0.655413 0.655413 0.655413
508.205627 0.000000 446.829834 0.000000 0.721934 0.000000 0.691962 0.563244 0.563244 0.563244
496.532745 0.000000 438.182373 0.000000 0.021248 0.000000 -0.999774 1.252424 1.252424 1.252424
502.396240 0.000000 471.718445 0.000000 0.736023 0.000000 0.676956 0.593958 0.593958 0.593958
497.845917 0.000000 443.442108 0.000000 0.372716 0.000000 -0.927945 0.872859 0.872859 0.872859
505.987762 0.000000 468.313110 0.000000 0.161199 0.000000 -0.986922 0.906821 0.906821 0.906821
518.011475 0.000000 455.033417 0.000000 0.964091 0.000000 0.265572 0.651146 0.651146 0.651146
505.971191 0.000000 447.556763 0.000000 0.998312 0.000000 0.058086 0.689518 0.689518 0.689518
498.380402 0.000000 436.447479 0.000000 0.324877 0.000000 0.945756 0.257962 0.257962 0.257962
495.237091 0.000000 436.418610 0.000000 0.937881 0.000000 0.346956 0.602908 0.602908 0.602908
499.447144 0.000000 445.628082 0.000000 0.781088 0.000000 -0.624421 0.891397 0.891397 0.891397
501.443909 0.000000 434.178894 0.000000 0.999933 0.000000 0.011593 0.695867 0.695867 0.695867
522.356079 0.000000 448.161255 0.000000 0.903201 0.000000 -0.429218 0.829006 0.829006 0.829006
499.197235 0.000000 437.545349 0.000000 0.916687 0.000000 0.399607 0.553444 0.553444 0.553444
490.762878 0.000000 436.657684 0.000000 0.494378 0.000000 0.869247 0.350873 0.350873 0.350873
516.384766 0.000000 455.604004 0.000000 0.449821 0.000000 0.893119 0.483870 0.483870 0.483870
487.627197 0.000000 442.721344 0.000000 0.966288 0.000000 -0.257462 0.741502 0.741502 0.741502
498.774353 0.000000 441.447510 0.000000 0.981097 0.000000 -0.193519 0.769429 0.769429 0.769429
499.055237 0.000000 431.118225 0.000000 0.831944 0.000000 0.554860 0.569249 0.569249 0.569249
514.335144 0.000000 451.889557 0.000000 0.929245 0.000000 -0.369465 0.760315 0.760315 0.760315
509.689362 0.000000 446.922241 0.000000 0.998023 0.000000 0.062847 0.688746 0.688746 0.688746
524.351929 0.000000 448.192749 0.000000 0.966170 0.000000 -0.257904 0.757256 0.757256 0.757256
499.999878 0.000000 439.901611 0.000000 0.236493 0.000000 -0.971633 1.174882 1.174882 1.174882
498.202209 0.000000 432.310852 0.000000 0.941729 0.000000 -0.336373 0.810793 0.810793 0.810793
501.669556 0.000000 444.775391 0.000000 0.138186 0.000000 -0.990406 1.140498 1.140498 1.140498
515.854309 0.000000 451.551758 0.000000 0.772378 0.000000 -0.635164 0.809688 0.809688 0.809688
502.902893 0.000000 432.472778 0.000000 0.948516 0.000000 0.316729 0.632415 0.632415 0.632415
505.044037 0.000000 442.193390 0.000000 0.991604 0.000000 0.129310 0.679151 0.679151 0.679151
491.312469 0.000000 434.544434 0.000000 0.855223 0.000000 -0.518260 0.863763 0.863763 0.863763
518.692139 0.000000 456.754059 0.000000 0.892599 0.000000 0.450852 0.591452 0.591452 0.591452
507.185791 0.000000 445.354156 0.000000 0.645345 0.000000 -0.763891 0.955228 0.955228 0.955228
508.189636 0.000000 460.580078 0.000000 0.615966 0.000000 0.787773 0.537657 0.537657 0.537657
501.439026 0.000000 452.487793 0.000000 0.285032 0.000000 -0.958518 1.069148 1.069148 1.069148
511.205200 0.000000 446.145813 0.000000 0.945651 0.000000 -0.325184 0.806964 0.806964 0.806964
501.803406 0.000000 448.130951 0.000000 0.944609 0.000000 -0.328199 0.792567 0.792567 0.792567
492.992401 0.000000 436.226074 0.000000 0.101667 0.000000 -0.994818 1.164135 1.164135 1.164135
504.329773 0.000000 448.895569 0.000000 0.411696 0.000000 0.911321 0.464380 0.464380 0.464380
500.605774 0.000000 432.705933 0.000000 0.995663 0.000000 -0.093034 0.733215 0.733215 0.733215
513.821045 0.000000 446.160553 0.000000 0.925495 0.000000 -0.378759 0.831970 0.831970 0.831970
519.581055 0.000000 454.154053 0.000000 0.958252 0.000000 -0.285926 0.752702 0.752702 0.752702
511.207214 0.000000 459.507660 0.000000 0.917687 0.000000 0.397305 0.624599 0.624599 0.624599
495.919739 0.000000 444.779480 0.000000 0.771180 0.000000 -0.636617 0.834109 0.834109 0.834109
525.326355 0.000000 450.281128 0.000000 0.731043 0.000000 0.682332 0.539369 0.539369 0.539369
497.451294 0.000000 430.068481 0.000000 0.515893 0.000000 -0.856653 0.931559 0.931559 0.931559
493.155487 0.000000 433.121582 0.000000 0.486936 0.000000 -0.873438 0.953944 0.953944 0.953944
505.895172 0.000000 446.156586 0.000000 0.504693 0.000000 -0.863299 0.887884 0.887884 0.887884
522.224365 0.000000 449.719849 0.000000 0.091574 0.000000 0.995798 0.269883 0.269883 0.269883
590.325806 0.000000 457.503296 0.000000 0.391334 0.000000 -0.920249 0.734313 0.734313 0.734313
630.226074 0.000000 443.714478 0.000000 0.713566 0.000000 0.700588 0.677211 0.677211 0.677211
597.747742 0.000000 420.526062 0.000000 0.012234 0.000000 -0.999925 0.728327 0.728327 0.728327
616.381592 0.000000 443.616577 0.000000 0.607791 0.000000 0.794097 0.393422 0.393422 0.393422
606.273010 0.000000 443.143219 0.000000 0.986608 0.000000 -0.163111 0.724968 0.724968 0.724968
616.301941 0.000000 434.530762 0.000000 0.275961 0.000000 -0.961169 0.739714 0.739714 0.739714
637.140259 0.000000 442.320679 0.000000 0.133757 0.000000 -0.991014 0.710043 0.710043 0.710043
610.093750 0.000000 437.701691 0.000000 0.986175 0.000000 -0.165705 0.700931 0.700931 0.700931
624.100464 0.000000 445.630615 0.000000 0.745696 0.000000 -0.666286 0.707136 0.707136 0.707136
601.587708 0.000000 425.991119 0.000000 0.745791 0.000000 -0.666179 0.790717 0.790717 0.790717
603.917908 0.000000 457.018707 0.000000 0.509897 0.000000 -0.860236 0.815842 0.815842 0.815842
634.319641 0.000000 447.317413 0.000000 0.933485 0.000000 0.358617 0.638465 0.638465 0.638465
606.471558 0.000000 452.183472 0.000000 0.999696 0.000000 -0.024646 0.703687 0.703687 0.703687
587.691711 0.000000 452.422333 0.000000 0.826768 0.000000 0.562542 0.690812 0.690812 0.690812
614.049622 0.000000 439.092804 0.000000 0.972432 0.000000 -0.233188 0.783905 0.783905 0.783905
608.419373 0.000000 446.313171 0.000000 0.195271 0.000000 0.980749 0.613541 0.613541 0.613541
607.658142 0.000000 458.077637 0.000000 0.643853 0.000000 0.765149 0.615951 0.615951 0.615951
594.032471 0.000000 457.697693 0.000000 0.785212 0.000000 0.619227 0.670126 0.670126 0.670126
633.593506 0.000000 442.474670 0.000000 0.493124 0.000000 -0.869959 0.794408 0.794408 0.794408
639.896606 0.000000 453.617310 0.000000 0.685007 0.000000 0.728536 0.672614 0.672614 0.672614
639.511536 0.000000 449.836090 0.000000 0.987632 0.000000 -0.156790 0.707264 0.707264 0.707264
599.199036 0.000000 423.416229 0.000000 0.240503 0.000000 -0.970648 1.173410 1.173410 1.173410
605.153320 0.000000 459.842529 0.000000 0.860634 0.000000 0.509225 0.640243 0.640243 0.640243
603.469055 0.000000 453.696289 0.000000 0.060408 0.000000 0.998174 0.619760 0.619760 0.619760
636.613037 0.000000 445.248322 0.000000 0.614332 0.000000 -0.789048 0.739407 0.739407 0.739407
595.813171 0.000000 422.807129 0.000000 0.723497 0.000000 0.690327 0.650999 0.650999 0.650999
623.925903 0.000000 441.503723 0.000000 0.893665 0.000000 0.448734 0.659664 0.659664 0.659664
593.835083 0.000000 424.800385 0.000000 0.898303 0.000000 -0.439377 0.732435 0.732435 0.732435
616.302124 0.000000 437.315857 0.000000 0.990928 0.000000 0.134396 0.693215 0.693215 0.693215
633.127808 0.000000 445.026489 0.000000 0.480574 0.000000 0.876954 0.513098 0.513098 0.513098
616.482483 0.000000 441.036530 0.000000 0.994927 0.000000 -0.100598 0.724795 0.724795 0.724795
600.364929 0.000000 420.678467 0.000000 0.147325 0.000000 -0.989088 1.014318 1.014318 1.014318
608.664917 0.000000 443.791443 0.000000 0.299658 0.000000 0.954047 0.283909 0.283909 0.283909
589.363831 0.000000 454.231964 0.000000 0.829314 0.000000 -0.558783 0.777091 0.777091 0.777091
592.275818 0.000000 456.005524 0.000000 0.966575 0.000000 0.256384 0.679338 0.679338 0.679338
606.077148 0.000000 445.728729 0.000000 0.958005 0.000000 -0.286752 0.803685 0.803685 0.803685
647.786011 0.000000 459.973389 0.000000 0.783926 0.000000 -0.620855 0.825487 0.825487 0.825487
628.596191 0.000000 441.694885 0.000000 0.999922 0.000000 -0.012498 0.700682 0.700682 0.700682
598.965332 0.000000 425.814606 0.000000 0.622208 0.000000 -0.782852 0.843320 0.843320 0.843320
613.058289 0.000000 444.013489 0.000000 0.835230 0.000000 0.549900 0.536382 0.536382 0.536382
625.941711 0.000000 440.573700 0.000000 0.981125 0.000000 0.193373 0.681500 0.681500 0.681500
645.186768 0.000000 455.388855 0.000000 0.315725 0.000000 0.948851 0.561988 0.561988 0.561988
634.367065 0.000000 449.401154 0.000000 0.913978 0.000000 0.405763 0.671962 0.671962 0.671962
637.363708 0.000000 447.223572 0.000000 0.815122 0.000000 0.579290 0.611892 0.611892 0.611892
643.969971 0.000000 451.731384 0.000000 0.821929 0.000000 0.569590 0.655944 0.655944 0.655944
635.130493 0.000000 443.868164 0.000000 0.861284 0.000000 -0.508123 0.731297 0.731297 0.731297
638.840576 0.000000 451.806519 0.000000 0.632905 0.000000 0.774229 0.635625 0.635625 0.635625
624.794922 0.000000 443.692963 0.000000 0.875898 0.000000 0.482495 0.606377 0.606377 0.606377
606.055725 0.000000 456.963470 0.000000 0.588832 0.000000 0.808255 0.364462 0.364462 0.364462
615.994324 0.000000 439.175446 0.000000 0.077122 0.000000 0.997022 0.167522 0.167522 0.167522
597.320618 0.000000 423.870758 0.000000 0.528412 0.000000 0.848988 0.338478 0.338478 0.338478
622.932495 0.000000 443.143005 0.000000 0.999864 0.000000 0.016472 0.697029 0.697029 0.697029
607.797424 0.000000 456.274200 0.000000 0.966660 0.000000 0.256064 0.607683 0.607683 0.607683
646.514954 0.000000 456.607666 0.000000 0.174721 0.000000 0.984618 0.600522 0.600522 0.600522
646.720703 0.000000 458.527222 0.000000 0.082929 0.000000 -0.996555 0.978721 0.978721 0.978721
590.372925 0.000000 455.673096 0.000000 0.588189 0.000000 -0.808723 1.012117 1.012117 1.012117
617.915894 0.000000 442.792450 0.000000 0.351576 0.000000 -0.936159 1.104823 1.104823 1.104823
622.229309 0.000000 441.145966 0.000000 0.335763 0.000000 0.941946 0.593524 0.593524 0.593524
604.337341 0.000000 445.565704 0.000000 0.037935 0.000000 0.999280 0.524272 0.524272 0.524272
604.819092 0.000000 452.594849 0.000000 0.585873 0.000000 -0.810403 0.962869 0.962869 0.962869
615.367859 0.000000 435.920258 0.000000 0.999973 0.000000 -0.007390 0.701798 0.701798 0.701798
614.698425 0.000000 437.604340 0.000000 0.957216 0.000000 -0.289375 0.804661 0.804661 0.804661
598.731079 0.000000 421.858704 0.000000 0.815990 0.000000 0.578067 0.594010 0.594010 0.594010
607.212219 0.000000 444.537262 0.000000 0.680649 0.000000 -0.732610 0.993102 0.993102 0.993102
614.948547 0.000000 440.512878 0.000000 0.846263 0.000000 0.532765 0.499691 0.499691 0.499691
595.550598 0.000000 424.395874 0.000000 0.927967 0.000000 0.372663 0.563858 0.563858 0.563858
602.921021 0.000000 423.900269 0.000000 0.879423 0.000000 0.476041 0.602889 0.602889 0.602889
635.836670 0.000000 447.840027 0.000000 0.881036 0.000000 -0.473050 0.782668 0.782668 0.782668
612.432556 0.000000 441.339813 0.000000 0.990409 0.000000 0.138168 0.650584 0.650584 0.650584
607.766052 0.000000 442.477722 0.000000 0.892525 0.000000 0.450997 0.628700 0.628700 0.628700
609.454102 0.000000 442.411835 0.000000 0.965749 0.000000 -0.259478 0.786237 0.786237 0.786237
641.892883 0.000000 453.272949 0.000000 0.721133 0.000000 0.692797 0.443194 0.443194 0.443194
603.187134 0.000000 425.722046 0.000000 0.523476 0.000000 0.852040 0.342112 0.342112 0.342112
597.240906 0.000000 422.262451 0.000000 0.642944 0.000000 0.765913 0.388962 0.388962 0.388962
606.810791 0.000000 453.730530 0.000000 0.249886 0.000000 0.968275 0.502801 0.502801 0.502801
606.305664 0.000000 458.802612 0.000000 0.771179 0.000000 0.636618 0.633428 0.633428 0.633428
613.399963 0.000000 434.581512 0.000000 0.999986 0.000000 -0.005341 0.700582 0.700582 0.700582
602.599121 0.000000 457.736725 0.000000 0.880311 0.000000 -0.474398 0.755283 0.755283 0.755283
605.291870 0.000000 444.410156 0.000000 0.344241 0.000000 0.938881 0.560210 0.560210 0.560210
615.462219 0.000000 442.193970 0.000000 0.582499 0.000000 0.812832 0.361676 0.361676 0.361676
610.251648 0.000000 443.683716 0.000000 0.765043 0.000000 -0.643979 0.949444 0.949444 0.949444
619.702026 0.000000 442.762604 0.000000 0.988056 0.000000 0.154094 0.670368 0.670368 0.670368
588.925903 0.000000 455.649872 0.000000 0.296388 0.000000 0.955068 0.534889 0.534889 0.534889
620.627747 0.000000 443.872070 0.000000 0.883622 0.000000 -0.468201 0.817850 0.817850 0.817850
614.339905 0.000000 443.268829 0.000000 0.118820 0.000000 0.992916 0.182460 0.182460 0.182460
593.142517 0.000000 452.973755 0.000000 0.590530 0.000000 0.807016 0.552955 0.552955 0.552955
613.507935 0.000000 440.423676 0.000000 0.889397 0.000000 0.457136 0.530740 0.530740 0.530740
600.229309 0.000000 425.075012 0.000000 0.976130 0.000000 -0.217189 0.727241 0.727241 0.727241
619.457153 0.000000 440.082397 0.000000 0.269659 0.000000 0.962956 0.527637 0.527637 0.527637
620.433777 0.000000 441.313629 0.000000 0.346144 0.000000 -0.938182 0.841259 0.841259 0.841259
646.294312 0.000000 459.921417 0.000000 0.881629 0.000000 0.471942 0.607923 0.607923 0.607923
640.098083 0.000000 451.121460 0.000000 0.940531 0.000000 0.339708 0.607445 0.607445 0.607445
611.687622 0.000000 443.761780 0.000000 0.994313 0.000000 0.106493 0.661962 0.661962 0.661962
590.394226 0.000000 453.129639 0.000000 0.748885 0.000000 -0.662700 0.958260 0.958260 0.958260
617.854980 0.000000 440.589111 0.000000 0.607763 0.000000 -0.794119 0.925774 0.925774 0.925774
614.851257 0.000000 434.396698 0.000000 0.122806 0.000000 0.992431 0.347832 0.347832 0.347832
648.510681 0.000000 458.807709 0.000000 0.185938 0.000000 0.982562 0.328556 0.328556 0.328556
635.895325 0.000000 446.489685 0.000000 0.904951 0.000000 0.425516 0.626261 0.626261 0.626261
604.943726 0.000000 453.950409 0.000000 0.999557 0.000000 0.029770 0.691716 0.691716 0.691716
601.584351 0.000000 420.057770 0.000000 0.406899 0.000000 0.913473 0.445587 0.445587 0.445587
610.098328 0.000000 441.188904 0.000000 0.906717 0.000000 -0.421741 0.754171 0.754171 0.754171
591.470947 0.000000 454.881592 0.000000 0.909858 0.000000 -0.414920 0.841766 0.841766 0.841766
589.000793 0.000000 452.863525 0.000000 0.189682 0.000000 -0.981846 0.970098 0.970098 0.970098
607.186157 0.000000 455.007874 0.000000 0.677758 0.000000 -0.735285 0.994506 0.994506 0.994506
642.921692 0.000000 454.901245 0.000000 0.297753 0.000000 0.954643 0.348869 0.348869 0.348869
594.809631 0.000000 425.692627 0.000000 0.101780 0.000000 -0.994807 1.223652 1.223652 1.223652
605.019897 0.000000 456.166565 0.000000 0.412454 0.000000 -0.910978 1.108432 1.108432 1.108432
597.940552 0.000000 425.010132 0.000000 0.061598 0.000000 0.998101 0.256920 0.256920 0.256920
601.455872 0.000000 421.366058 0.000000 0.832430 0.000000 -0.554130 0.829735 0.829735 0.829735
612.621948 0.000000 445.252258 0.000000 0.027472 0.000000 -0.999623 1.133691 1.133691 1.133691
641.782471 0.000000 450.498993 0.000000 0.140889 0.000000 0.990025 0.318296 0.318296 0.318296
640.238098 0.000000 452.383759 0.000000 0.533318 0.000000 -0.845915 1.038314 1.038314 1.038314
612.789368 0.000000 439.219482 0.000000 0.226380 0.000000 -0.974039 1.124161 1.124161 1.124161
616.771484 0.000000 442.353058 0.000000 0.840446 0.000000 -0.541895 0.891357 0.891357 0.891357
602.055542 0.000000 424.812744 0.000000 0.965904 0.000000 -0.258900 0.791899 0.791899 0.791899
613.540894 0.000000 437.942474 0.000000 0.970005 0.000000 0.243086 0.628596 0.628596 0.628596
594.802795 0.000000 454.986664 0.000000 0.295624 0.000000 0.955304 0.479713 0.479713 0.479713
592.839966 0.000000 454.963898 0.000000 0.673903 0.000000 0.738820 0.512880 0.512880 0.512880
599.071289 0.000000 424.614624 0.000000 0.659702 0.000000 -0.751527 0.835532 0.835532 0.835532
624.086304 0.000000 442.673218 0.000000 0.857244 0.000000 -0.514911 0.800577 0.800577 0.800577
612.219421 0.000000 436.709229 0.000000 0.995764 0.000000 -0.091948 0.726776 0.726776 0.726776
603.388672 0.000000 422.829559 0.000000 0.494798 0.000000 -0.869008 0.906141 0.906141 0.906141
649.005249 0.000000 459.865814 0.000000 0.899851 0.000000 0.436197 0.578840 0.578840 0.578840
608.139954 0.000000 445.179779 0.000000 0.564040 0.000000 0.825747 0.353644 0.353644 0.353644
606.682312 0.000000 456.052185 0.000000 0.620951 0.000000 -0.783849 1.021156 1.021156 1.021156
"}
