object={
	name="tree_pine_impassable_01_a_generator_1_0"
	clamp_to_water_level=no
	render_under_water=no
	generated_content=yes
	layer="tree_high_layer"
	pdxmesh="tree_pine_impassable_01_a_mesh"
	count=8
	transform="13673.465820 0.000000 3674.315186 0.000000 0.490811 0.000000 -0.871266 0.400000 0.400000 0.400000
13689.443359 0.000000 3663.018555 0.000000 0.013724 0.000000 -0.999906 0.400000 0.400000 0.400000
13679.279297 0.000000 3665.553955 0.000000 0.790667 0.000000 -0.612246 0.400000 0.400000 0.400000
13680.434570 0.000000 3681.851562 0.000000 0.637309 0.000000 0.770608 0.400000 0.400000 0.400000
13685.781250 0.000000 3680.126221 0.000000 0.439693 0.000000 0.898148 0.400000 0.400000 0.400000
13676.056641 0.000000 3669.670410 0.000000 0.801855 0.000000 0.597519 0.400000 0.400000 0.400000
13675.799805 0.000000 3679.302246 0.000000 0.871184 0.000000 0.490956 0.400000 0.400000 0.400000
13684.716797 0.000000 3665.356934 0.000000 0.999997 0.000000 -0.002395 0.400000 0.400000 0.400000
"}
