object={
	name="tree_jungle_01_c_generator_1_0"
	clamp_to_water_level=no
	render_under_water=no
	generated_content=yes
	layer="tree_high_layer"
	pdxmesh="tree_jungle_01_c_mesh"
	count=179
	transform="463.905670 0.000000 450.078949 0.000000 0.943448 0.000000 0.331519 0.866593 0.866593 0.866593
474.329071 0.000000 453.741394 0.000000 0.502497 0.000000 0.864579 0.721669 0.721669 0.721669
470.847565 0.000000 446.597626 0.000000 0.183015 0.000000 -0.983110 1.049562 1.049562 1.049562
479.905701 0.000000 454.615295 0.000000 0.885685 0.000000 0.464287 0.834908 0.834908 0.834908
472.941711 0.000000 450.022583 0.000000 0.819166 0.000000 -0.573557 0.961762 0.961762 0.961762
464.569153 0.000000 453.835815 0.000000 0.801016 0.000000 0.598643 0.813476 0.813476 0.813476
471.099243 0.000000 452.825195 0.000000 0.934260 0.000000 -0.356591 0.958167 0.958167 0.958167
467.476807 0.000000 447.377441 0.000000 0.881357 0.000000 -0.472450 0.950859 0.950859 0.950859
468.405640 0.000000 444.447327 0.000000 0.957898 0.000000 -0.287108 0.939259 0.939259 0.939259
466.976501 0.000000 452.736694 0.000000 0.054125 0.000000 0.998534 0.715982 0.715982 0.715982
464.691162 0.000000 447.555023 0.000000 0.909961 0.000000 0.414693 0.870216 0.870216 0.870216
466.238617 0.000000 449.429718 0.000000 0.919005 0.000000 -0.394245 0.958275 0.958275 0.958275
472.781128 0.000000 455.302216 0.000000 0.228366 0.000000 -0.973575 1.050586 1.050586 1.050586
473.101044 0.000000 452.029144 0.000000 0.465505 0.000000 -0.885045 1.092875 1.092875 1.092875
468.927399 0.000000 453.231750 0.000000 0.240042 0.000000 -0.970762 1.064161 1.064161 1.064161
465.301361 0.000000 451.579468 0.000000 0.940746 0.000000 -0.339111 0.959857 0.959857 0.959857
463.306824 0.000000 452.107330 0.000000 0.510898 0.000000 -0.859641 1.004605 1.004605 1.004605
469.075897 0.000000 446.310150 0.000000 0.909577 0.000000 0.415535 0.843191 0.843191 0.843191
472.504456 0.000000 453.693359 0.000000 0.420187 0.000000 0.907438 0.698152 0.698152 0.698152
466.837677 0.000000 451.005585 0.000000 0.194527 0.000000 -0.980897 1.140983 1.140983 1.140983
475.745300 0.000000 452.793579 0.000000 0.495028 0.000000 -0.868877 1.079802 1.079802 1.079802
478.512543 0.000000 451.329163 0.000000 0.323930 0.000000 -0.946081 1.142574 1.142574 1.142574
494.333618 0.000000 457.503296 0.000000 0.998631 0.000000 -0.052308 0.902469 0.902469 0.902469
515.247864 0.000000 456.238098 0.000000 0.342524 0.000000 -0.939509 0.910976 0.910976 0.910976
480.309296 0.000000 445.368225 0.000000 0.230410 0.000000 -0.973094 1.005245 1.005245 1.005245
500.407135 0.000000 441.623413 0.000000 0.713827 0.000000 0.700322 0.777973 0.777973 0.777973
494.170319 0.000000 470.075348 0.000000 0.163657 0.000000 0.986517 0.817839 0.817839 0.817839
491.043671 0.000000 447.100952 0.000000 0.994443 0.000000 0.105272 0.897156 0.897156 0.897156
491.458405 0.000000 438.184235 0.000000 0.621358 0.000000 -0.783527 0.946527 0.946527 0.946527
524.378845 0.000000 450.960754 0.000000 0.854231 0.000000 0.519893 0.892629 0.892629 0.892629
515.101685 0.000000 449.082367 0.000000 0.210113 0.000000 0.977677 0.811441 0.811441 0.811441
511.417267 0.000000 461.900238 0.000000 0.985424 0.000000 0.170117 0.885020 0.885020 0.885020
514.101562 0.000000 437.701691 0.000000 0.983610 0.000000 0.180311 0.896334 0.896334 0.896334
497.489319 0.000000 435.609497 0.000000 0.427582 0.000000 -0.903977 1.052202 1.052202 1.052202
509.808624 0.000000 471.709595 0.000000 0.706730 0.000000 -0.707483 0.915893 0.915893 0.915893
504.764099 0.000000 445.945496 0.000000 0.937612 0.000000 0.347684 0.893617 0.893617 0.893617
494.887756 0.000000 442.636963 0.000000 0.765600 0.000000 -0.643317 0.986360 0.986360 0.986360
486.545319 0.000000 435.271179 0.000000 0.463162 0.000000 -0.886273 0.922027 0.922027 0.922027
510.479370 0.000000 452.183472 0.000000 0.044644 0.000000 -0.999003 1.081740 1.081740 1.081740
491.699524 0.000000 452.422333 0.000000 0.977054 0.000000 0.212990 0.883603 0.883603 0.883603
493.447540 0.000000 432.005402 0.000000 0.694809 0.000000 -0.719194 1.082149 1.082149 1.082149
519.184753 0.000000 452.309021 0.000000 0.676125 0.000000 -0.736787 0.914889 0.914889 0.914889
529.110962 0.000000 452.491028 0.000000 0.834061 0.000000 0.551672 0.825158 0.825158 0.825158
480.241119 0.000000 440.362976 0.000000 0.556989 0.000000 0.830520 0.880182 0.880182 0.880182
506.793213 0.000000 462.073853 0.000000 0.621049 0.000000 -0.783772 0.954643 0.954643 0.954643
508.927979 0.000000 447.851227 0.000000 0.796826 0.000000 -0.604209 0.996210 0.996210 0.996210
497.671234 0.000000 431.179871 0.000000 0.780923 0.000000 -0.624628 0.963667 0.963667 0.963667
497.720215 0.000000 472.742615 0.000000 0.301728 0.000000 -0.953394 1.002266 1.002266 1.002266
495.787018 0.000000 453.519836 0.000000 0.993896 0.000000 -0.110319 0.915399 0.915399 0.915399
503.808716 0.000000 455.860779 0.000000 0.998573 0.000000 0.053401 0.895678 0.895678 0.895678
518.057434 0.000000 439.092804 0.000000 0.731295 0.000000 0.682061 0.808931 0.808931 0.808931
500.683197 0.000000 445.677002 0.000000 0.187240 0.000000 -0.982314 0.937274 0.937274 0.937274
494.260468 0.000000 449.359192 0.000000 0.997806 0.000000 0.066207 0.893003 0.893003 0.893003
490.020111 0.000000 433.654388 0.000000 0.936212 0.000000 -0.351435 0.948412 0.948412 0.948412
512.427185 0.000000 446.313171 0.000000 0.984596 0.000000 0.174843 0.884205 0.884205 0.884205
496.893738 0.000000 439.406586 0.000000 0.975034 0.000000 0.222056 0.883900 0.883900 0.883900
511.665955 0.000000 458.077637 0.000000 0.555917 0.000000 0.831238 0.816212 0.816212 0.816212
488.171082 0.000000 449.927216 0.000000 0.995607 0.000000 0.093635 0.891783 0.891783 0.891783
510.026886 0.000000 439.424744 0.000000 0.869980 0.000000 -0.493087 0.941709 0.941709 0.941709
498.040283 0.000000 457.697693 0.000000 0.603940 0.000000 -0.797029 0.964246 0.964246 0.964246
515.331055 0.000000 452.639343 0.000000 0.828416 0.000000 -0.560114 0.936067 0.936067 0.936067
488.413147 0.000000 454.674225 0.000000 0.989011 0.000000 -0.147841 0.920004 0.920004 0.920004
498.655426 0.000000 469.333130 0.000000 0.924915 0.000000 0.380174 0.886856 0.886856 0.886856
496.815552 0.000000 445.516327 0.000000 0.372754 0.000000 0.927930 0.731717 0.731717 0.731717
494.019897 0.000000 435.693542 0.000000 0.945565 0.000000 -0.325434 0.964796 0.964796 0.964796
500.246185 0.000000 433.782166 0.000000 0.896193 0.000000 0.443664 0.865916 0.865916 0.865916
488.132446 0.000000 438.162292 0.000000 0.653939 0.000000 -0.756547 1.017600 1.017600 1.017600
491.453156 0.000000 455.847351 0.000000 0.450002 0.000000 0.893028 0.763565 0.763565 0.763565
487.079132 0.000000 443.877319 0.000000 0.200386 0.000000 -0.979717 1.121479 1.121479 1.121479
512.529724 0.000000 454.626831 0.000000 0.761159 0.000000 0.648565 0.763636 0.763636 0.763636
514.171082 0.000000 460.097168 0.000000 0.731094 0.000000 -0.682277 0.938804 0.938804 0.938804
500.000671 0.000000 438.533661 0.000000 0.278490 0.000000 0.960439 0.729178 0.729178 0.729178
503.182190 0.000000 443.225037 0.000000 0.128476 0.000000 0.991713 0.835201 0.835201 0.835201
505.487213 0.000000 458.880585 0.000000 0.965821 0.000000 -0.259210 0.911194 0.911194 0.911194
507.289001 0.000000 444.121124 0.000000 0.988073 0.000000 0.153985 0.882284 0.882284 0.882284
500.918976 0.000000 462.421509 0.000000 0.020770 0.000000 -0.999784 1.081102 1.081102 1.081102
508.684021 0.000000 468.813232 0.000000 0.990748 0.000000 0.135713 0.891130 0.891130 0.891130
519.327820 0.000000 455.253723 0.000000 0.998260 0.000000 0.058964 0.893107 0.893107 0.893107
512.504761 0.000000 440.989624 0.000000 0.831137 0.000000 -0.556068 0.935772 0.935772 0.935772
503.261108 0.000000 448.518188 0.000000 0.066154 0.000000 0.997809 0.690399 0.690399 0.690399
482.414490 0.000000 447.332214 0.000000 0.979515 0.000000 0.201369 0.881777 0.881777 0.881777
517.745483 0.000000 436.165741 0.000000 0.920447 0.000000 -0.390867 0.919850 0.919850 0.919850
497.653351 0.000000 442.206848 0.000000 0.228419 0.000000 0.973563 0.833745 0.833745 0.833745
502.622223 0.000000 453.309448 0.000000 0.190438 0.000000 0.981699 0.813231 0.813231 0.813231
514.859314 0.000000 445.035553 0.000000 0.219501 0.000000 0.975612 0.824196 0.824196 0.824196
494.882751 0.000000 429.601868 0.000000 0.239783 0.000000 0.970827 0.777601 0.777601 0.777601
495.878906 0.000000 433.438995 0.000000 0.641179 0.000000 0.767391 0.754553 0.754553 0.754553
521.667175 0.000000 450.755280 0.000000 0.951196 0.000000 0.308588 0.878149 0.878149 0.878149
490.894470 0.000000 449.876556 0.000000 0.964714 0.000000 0.263298 0.861686 0.861686 0.861686
508.304077 0.000000 441.446533 0.000000 0.097041 0.000000 0.995280 0.714582 0.714582 0.714582
482.679688 0.000000 441.373016 0.000000 0.406324 0.000000 -0.913729 1.024284 1.024284 1.024284
504.269623 0.000000 461.557983 0.000000 0.444752 0.000000 -0.895654 0.987284 0.987284 0.987284
526.499878 0.000000 452.675079 0.000000 0.911246 0.000000 0.411862 0.842772 0.842772 0.842772
489.157867 0.000000 452.223816 0.000000 0.676717 0.000000 0.736244 0.825628 0.825628 0.825628
500.583649 0.000000 448.337097 0.000000 0.890189 0.000000 0.455592 0.867051 0.867051 0.867051
491.540405 0.000000 435.697815 0.000000 0.665163 0.000000 -0.746698 1.036391 1.036391 1.036391
492.429474 0.000000 441.719086 0.000000 0.818822 0.000000 0.574048 0.759868 0.759868 0.759868
499.930450 0.000000 471.490479 0.000000 0.207730 0.000000 0.978186 0.789867 0.789867 0.789867
489.819885 0.000000 440.065826 0.000000 0.368163 0.000000 0.929761 0.739064 0.739064 0.739064
494.114685 0.000000 446.934296 0.000000 0.941352 0.000000 -0.337426 0.930934 0.930934 0.930934
496.283630 0.000000 456.005524 0.000000 0.755137 0.000000 0.655567 0.816468 0.816468 0.816468
489.101776 0.000000 435.920959 0.000000 0.720748 0.000000 0.693197 0.822558 0.822558 0.822558
510.084961 0.000000 445.728729 0.000000 0.841622 0.000000 0.540067 0.811550 0.811550 0.811550
480.004150 0.000000 447.992126 0.000000 0.992114 0.000000 0.125338 0.883058 0.883058 0.883058
516.860596 0.000000 454.464355 0.000000 0.569395 0.000000 0.822064 0.815436 0.815436 0.815436
485.824158 0.000000 438.700592 0.000000 0.884832 0.000000 0.465911 0.865152 0.865152 0.865152
496.523499 0.000000 470.535431 0.000000 0.977195 0.000000 -0.212342 0.928846 0.928846 0.928846
495.332428 0.000000 437.671448 0.000000 0.947731 0.000000 0.319071 0.856219 0.856219 0.856219
498.831085 0.000000 444.245544 0.000000 0.945361 0.000000 0.326026 0.872391 0.872391 0.872391
506.934387 0.000000 446.711487 0.000000 0.552771 0.000000 -0.833333 1.079288 1.079288 1.079288
517.066101 0.000000 444.013489 0.000000 0.735318 0.000000 -0.677722 0.985332 0.985332 0.985332
490.861969 0.000000 458.244415 0.000000 0.968458 0.000000 -0.249176 0.933384 0.933384 0.933384
500.280884 0.000000 430.742157 0.000000 0.104218 0.000000 0.994554 0.761618 0.761618 0.761618
499.042145 0.000000 463.692017 0.000000 0.986035 0.000000 -0.166536 0.921053 0.921053 0.921053
496.182220 0.000000 447.790344 0.000000 0.924067 0.000000 0.382229 0.847125 0.847125 0.847125
501.740723 0.000000 465.788971 0.000000 0.330224 0.000000 -0.943903 1.055301 1.055301 1.055301
502.766083 0.000000 434.328400 0.000000 0.778410 0.000000 -0.627756 0.979294 0.979294 0.979294
492.148132 0.000000 433.720551 0.000000 0.443008 0.000000 0.896517 0.647682 0.647682 0.647682
513.962891 0.000000 457.875153 0.000000 0.984333 0.000000 -0.176318 0.919514 0.919514 0.919514
501.145294 0.000000 443.662476 0.000000 0.996015 0.000000 -0.089191 0.907625 0.907625 0.907625
498.185944 0.000000 433.512939 0.000000 0.573809 0.000000 0.818989 0.798657 0.798657 0.798657
497.808319 0.000000 454.283600 0.000000 0.834916 0.000000 0.550378 0.776904 0.776904 0.776904
526.429199 0.000000 450.573303 0.000000 0.219886 0.000000 -0.975526 1.081877 1.081877 1.081877
498.838440 0.000000 440.251770 0.000000 0.184389 0.000000 0.982853 0.763040 0.763040 0.763040
497.967194 0.000000 437.641632 0.000000 0.955815 0.000000 0.293970 0.859775 0.859775 0.859775
507.136414 0.000000 460.060242 0.000000 0.827150 0.000000 0.561980 0.819546 0.819546 0.819546
514.292847 0.000000 447.196869 0.000000 0.156066 0.000000 -0.987747 1.071575 1.071575 1.071575
490.338074 0.000000 454.015747 0.000000 0.787890 0.000000 0.615817 0.818015 0.818015 0.818015
505.329315 0.000000 443.358429 0.000000 0.402037 0.000000 -0.915624 1.016990 1.016990 1.016990
517.622620 0.000000 456.257355 0.000000 0.965819 0.000000 0.259217 0.871720 0.871720 0.871720
502.367096 0.000000 441.406006 0.000000 0.192806 0.000000 -0.981237 1.172225 1.172225 1.172225
520.666016 0.000000 453.794434 0.000000 0.999559 0.000000 -0.029704 0.904606 0.904606 0.904606
512.203491 0.000000 460.054749 0.000000 0.628786 0.000000 -0.777578 1.020093 1.020093 1.020093
510.063538 0.000000 456.963470 0.000000 0.900966 0.000000 0.433891 0.836469 0.836469 0.836469
500.200165 0.000000 452.269562 0.000000 0.224891 0.000000 0.974384 0.758072 0.758072 0.758072
501.794312 0.000000 455.134186 0.000000 0.202250 0.000000 -0.979334 1.084309 1.084309 1.084309
485.221954 0.000000 443.349915 0.000000 0.579654 0.000000 -0.814863 1.071212 1.071212 1.071212
492.301361 0.000000 448.584290 0.000000 0.019368 0.000000 0.999812 0.659473 0.659473 0.659473
506.732330 0.000000 469.326233 0.000000 0.951856 0.000000 -0.306544 0.942003 0.942003 0.942003
495.681824 0.000000 431.485596 0.000000 0.999958 0.000000 -0.009215 0.901656 0.901656 0.901656
495.625549 0.000000 440.844482 0.000000 0.999813 0.000000 -0.019322 0.902301 0.902301 0.902301
493.331604 0.000000 461.797516 0.000000 0.729239 0.000000 0.684259 0.766235 0.766235 0.766235
510.912506 0.000000 447.419067 0.000000 0.799393 0.000000 -0.600809 0.991233 0.991233 0.991233
502.057373 0.000000 446.984009 0.000000 0.938164 0.000000 -0.346190 0.952423 0.952423 0.952423
519.852295 0.000000 457.011414 0.000000 0.360535 0.000000 -0.932746 1.062040 1.062040 1.062040
500.850983 0.000000 464.223480 0.000000 0.989115 0.000000 0.147146 0.881418 0.881418 0.881418
518.823486 0.000000 444.630829 0.000000 0.140060 0.000000 -0.990143 1.092820 1.092820 1.092820
511.805237 0.000000 456.274200 0.000000 0.421102 0.000000 0.907013 0.739175 0.739175 0.739175
501.213318 0.000000 439.979004 0.000000 0.535648 0.000000 -0.844441 1.033299 1.033299 1.033299
510.536163 0.000000 441.179962 0.000000 0.666667 0.000000 -0.745356 1.013387 1.013387 1.013387
487.089569 0.000000 439.927338 0.000000 0.746914 0.000000 -0.664920 1.029114 1.029114 1.029114
529.098328 0.000000 450.595703 0.000000 0.673436 0.000000 0.739245 0.787842 0.787842 0.787842
501.857056 0.000000 438.120972 0.000000 0.902169 0.000000 -0.431383 0.959128 0.959128 0.959128
512.122986 0.000000 452.854675 0.000000 0.246656 0.000000 -0.969103 1.078165 1.078165 1.078165
494.119446 0.000000 433.732971 0.000000 0.515323 0.000000 -0.856996 1.071160 1.071160 1.071160
495.722473 0.000000 435.236206 0.000000 0.995071 0.000000 -0.099170 0.919418 0.919418 0.919418
506.861908 0.000000 442.427948 0.000000 0.495514 0.000000 -0.868600 1.056061 1.056061 1.056061
491.443237 0.000000 443.586487 0.000000 0.436499 0.000000 0.899705 0.676211 0.676211 0.676211
489.840668 0.000000 437.506989 0.000000 0.391769 0.000000 0.920064 0.742505 0.742505 0.742505
508.345123 0.000000 445.565704 0.000000 0.660310 0.000000 0.750993 0.772105 0.772105 0.772105
501.030609 0.000000 435.360413 0.000000 0.506417 0.000000 0.862289 0.762161 0.762161 0.762161
507.812378 0.000000 449.125244 0.000000 0.963416 0.000000 -0.268009 0.939627 0.939627 0.939627
504.734924 0.000000 447.726440 0.000000 0.812949 0.000000 -0.582336 1.008940 1.008940 1.008940
488.804565 0.000000 443.727112 0.000000 0.065474 0.000000 -0.997854 1.102932 1.102932 1.102932
511.220062 0.000000 444.537262 0.000000 0.999861 0.000000 0.016668 0.897416 0.897416 0.897416
504.932495 0.000000 449.972961 0.000000 0.898243 0.000000 -0.439500 0.979750 0.979750 0.979750
518.956360 0.000000 440.512878 0.000000 0.930282 0.000000 0.366845 0.835015 0.835015 0.835015
516.440369 0.000000 441.339813 0.000000 0.999956 0.000000 -0.009381 0.901750 0.901750 0.901750
508.615509 0.000000 443.057831 0.000000 0.069652 0.000000 0.997571 0.674023 0.674023 0.674023
484.066956 0.000000 442.193176 0.000000 0.275726 0.000000 0.961236 0.667860 0.667860 0.667860
521.088989 0.000000 452.284729 0.000000 0.276663 0.000000 -0.960967 1.100070 1.100070 1.100070
486.481232 0.000000 442.102020 0.000000 0.698308 0.000000 0.715797 0.770940 0.770940 0.770940
519.470032 0.000000 442.193970 0.000000 0.278140 0.000000 -0.960541 1.146169 1.146169 1.146169
490.958984 0.000000 441.264954 0.000000 0.778538 0.000000 0.627598 0.767374 0.767374 0.767374
518.347717 0.000000 443.268829 0.000000 0.996170 0.000000 0.087433 0.883280 0.883280 0.883280
517.515747 0.000000 440.423676 0.000000 0.282611 0.000000 0.959235 0.660492 0.660492 0.660492
497.774200 0.000000 455.688965 0.000000 0.959672 0.000000 0.281121 0.839814 0.839814 0.839814
511.193970 0.000000 455.007874 0.000000 0.430889 0.000000 -0.902405 1.132619 1.132619 1.132619
492.862488 0.000000 440.511139 0.000000 0.959162 0.000000 -0.282857 0.965723 0.965723 0.965723
"}
