object={
	name="tree_pine_01_b_generator_1_0"
	clamp_to_water_level=no
	render_under_water=no
	generated_content=yes
	layer="tree_high_layer"
	pdxmesh="tree_pine_01_b_mesh"
	count=35
	transform="5265.845215 0.000000 2332.711670 0.000000 0.781386 0.000000 -0.624048 0.400000 0.400000 0.400000
5320.316895 0.000000 2321.871338 0.000000 0.731021 0.000000 -0.682355 0.400000 0.400000 0.400000
5301.352051 0.000000 2363.262207 0.000000 0.346313 0.000000 0.938119 0.400000 0.400000 0.400000
5267.806641 0.000000 2344.308105 0.000000 0.061887 0.000000 -0.998083 0.400000 0.400000 0.400000
5275.193359 0.000000 2325.693115 0.000000 0.335092 0.000000 -0.942185 0.400000 0.400000 0.400000
5324.881836 0.000000 2331.168701 0.000000 0.575328 0.000000 0.817923 0.400000 0.400000 0.400000
5301.614258 0.000000 2353.066895 0.000000 0.999758 0.000000 -0.021999 0.400000 0.400000 0.400000
5318.788574 0.000000 2362.003662 0.000000 0.935554 0.000000 -0.353183 0.400000 0.400000 0.400000
5326.093750 0.000000 2338.832764 0.000000 0.731461 0.000000 0.681883 0.400000 0.400000 0.400000
5279.485352 0.000000 2364.289795 0.000000 0.558824 0.000000 -0.829286 0.400000 0.400000 0.400000
5329.732422 0.000000 2356.122070 0.000000 0.659797 0.000000 -0.751444 0.400000 0.400000 0.400000
5309.170898 0.000000 2363.599854 0.000000 0.659409 0.000000 0.751784 0.400000 0.400000 0.400000
5321.856934 0.000000 2355.854980 0.000000 0.746924 0.000000 -0.664909 0.400000 0.400000 0.400000
5322.348145 0.000000 2344.274414 0.000000 0.906148 0.000000 0.422960 0.400000 0.400000 0.400000
5273.619629 0.000000 2319.584717 0.000000 0.985739 0.000000 -0.168281 0.400000 0.400000 0.400000
5316.003418 0.000000 2344.347168 0.000000 0.919754 0.000000 0.392495 0.400000 0.400000 0.400000
5328.567383 0.000000 2345.269775 0.000000 0.635952 0.000000 0.771729 0.400000 0.400000 0.400000
5274.749512 0.000000 2357.145752 0.000000 0.777180 0.000000 0.629279 0.400000 0.400000 0.400000
5277.152832 0.000000 2351.905029 0.000000 0.999597 0.000000 -0.028401 0.400000 0.400000 0.400000
5324.722168 0.000000 2359.706055 0.000000 0.953838 0.000000 -0.300320 0.400000 0.400000 0.400000
5322.245605 0.000000 2336.589355 0.000000 0.776690 0.000000 0.629883 0.400000 0.400000 0.400000
5319.536133 0.000000 2347.206543 0.000000 0.068962 0.000000 0.997619 0.400000 0.400000 0.400000
5325.647461 0.000000 2335.051758 0.000000 0.286357 0.000000 -0.958123 0.400000 0.400000 0.400000
5272.261719 0.000000 2323.853760 0.000000 0.945987 0.000000 0.324203 0.400000 0.400000 0.400000
5290.450195 0.000000 2376.310303 0.000000 0.663925 0.000000 0.747799 0.400000 0.400000 0.400000
11759.396484 0.000000 2129.928955 0.000000 0.613850 0.000000 -0.789423 0.400000 0.400000 0.400000
11762.034180 0.000000 2137.925781 0.000000 0.832323 0.000000 0.554291 0.400000 0.400000 0.400000
11775.708008 0.000000 2145.286621 0.000000 0.956551 0.000000 0.291565 0.400000 0.400000 0.400000
11795.408203 0.000000 2152.354980 0.000000 0.769158 0.000000 -0.639058 0.400000 0.400000 0.400000
11785.698242 0.000000 2147.813232 0.000000 0.894277 0.000000 0.447514 0.400000 0.400000 0.400000
11789.073242 0.000000 2153.857666 0.000000 0.781836 0.000000 0.623484 0.400000 0.400000 0.400000
11779.896484 0.000000 2150.299561 0.000000 0.763947 0.000000 0.645279 0.400000 0.400000 0.400000
11783.479492 0.000000 2155.276367 0.000000 0.123218 0.000000 -0.992380 0.400000 0.400000 0.400000
11797.411133 0.000000 2156.447021 0.000000 0.724322 0.000000 -0.689462 0.400000 0.400000 0.400000
11785.233398 0.000000 2151.708740 0.000000 0.976609 0.000000 -0.215023 0.400000 0.400000 0.400000
"}
