object={
	name="amb_3D_desert_emitter"
	clamp_to_water_level=no
	render_under_water=no
	generated_content=no
	layer="building_layer"
	entity="map_ambient_3D_desert"
	count=0
}
object={
	name="amb_3D_field_emitter"
	clamp_to_water_level=no
	render_under_water=no
	generated_content=no
	layer="building_layer"
	entity="map_ambient_3D_field"
	count=0
}
object={
	name="amb_3D_forest_emitter"
	clamp_to_water_level=no
	render_under_water=no
	generated_content=no
	layer="building_layer"
	entity="map_ambient_3D_forest"
	count=0
}
object={
	name="amb_3D_mountain_emitter"
	clamp_to_water_level=no
	render_under_water=no
	generated_content=no
	layer="building_layer"
	entity="map_ambient_3D_mountain"
	count=0
}
object={
	name="amb_3D_ocean_emitter"
	clamp_to_water_level=yes
	render_under_water=no
	generated_content=no
	layer="building_layer"
	entity="map_ambient_3D_ocean"
	count=25
	transform="22.893209 0.000000 -1.179398 0.000000 0.000000 0.000000 1.000000 1.000000 1.000000 1.000000
280.199890 0.000000 7.701492 0.000000 0.000000 0.000000 1.000000 1.000000 1.000000 1.000000
0.365933 0.000000 236.069489 0.000000 0.000000 0.000000 1.000000 1.000000 1.000000 1.000000
0.544248 0.000000 473.197632 0.000000 0.000000 0.000000 1.000000 1.000000 1.000000 1.000000
0.544248 0.000000 834.552551 0.000000 0.000000 0.000000 1.000000 1.000000 1.000000 1.000000
0.544248 0.000000 1193.799805 0.000000 0.000000 0.000000 1.000000 1.000000 1.000000 1.000000
0.544248 0.000000 1432.332153 0.000000 0.000000 0.000000 1.000000 1.000000 1.000000 1.000000
0.544248 0.000000 1673.918945 0.000000 0.000000 0.000000 1.000000 1.000000 1.000000 1.000000
0.544250 0.000000 1908.908203 0.000000 0.000000 0.000000 1.000000 1.000000 1.000000 1.000000
0.544248 0.000000 2263.380371 0.000000 0.000000 0.000000 1.000000 1.000000 1.000000 1.000000
0.544248 0.000000 2508.555908 0.000000 0.000000 0.000000 1.000000 1.000000 1.000000 1.000000
0.544249 0.000000 2739.391113 0.000000 0.000000 0.000000 1.000000 1.000000 1.000000 1.000000
0.544248 0.000000 2970.134766 0.000000 0.000000 0.000000 1.000000 1.000000 1.000000 1.000000
0.270975 0.000000 3087.385254 0.000000 0.000000 0.000000 1.000000 1.000000 1.000000 1.000000
0.270972 0.000000 3200.847656 0.000000 0.000000 0.000000 1.000000 1.000000 1.000000 1.000000
0.270972 0.000000 3431.172852 0.000000 0.000000 0.000000 1.000000 1.000000 1.000000 1.000000
0.196632 0.000000 3678.721924 0.000000 0.000000 0.000000 1.000000 1.000000 1.000000 1.000000
0.196631 0.000000 3957.281006 0.000000 0.000000 0.000000 1.000000 1.000000 1.000000 1.000000
7.996634 0.000000 4090.304199 0.000000 0.000000 0.000000 1.000000 1.000000 1.000000 1.000000
2139.281250 0.000000 4089.466553 0.000000 0.000000 0.000000 1.000000 1.000000 1.000000 1.000000
161.945633 0.000000 4081.462158 0.000000 0.000000 0.000000 1.000000 1.000000 1.000000 1.000000
2547.096924 0.000000 4083.779053 0.000000 0.000000 0.000000 1.000000 1.000000 1.000000 1.000000
1298.928833 0.000000 4094.819824 0.000000 0.000000 0.000000 1.000000 1.000000 1.000000 1.000000
1570.918579 0.000000 4080.102539 0.000000 0.000000 0.000000 1.000000 1.000000 1.000000 1.000000
1804.548828 0.000000 4080.102539 0.000000 0.000000 0.000000 1.000000 1.000000 1.000000 1.000000
"}
object={
	name="amb_3D_river_emitter"
	clamp_to_water_level=no
	render_under_water=no
	generated_content=no
	layer="building_layer"
	entity="map_ambient_3D_river"
	count=0
}
