object={
	name="lakes"
	clamp_to_water_level=no
	render_under_water=no
	generated_content=no
	layer="lake_layer"
	pdxmesh="lake_mesh"
	count=7
	transform="8842.368164 2.465942 994.230286 0.000000 -0.505453 0.000000 0.862854 30.772383 30.772383 30.772383
8120.870117 2.290039 1242.645142 0.000000 0.288796 0.000000 0.957391 11.467790 11.467790 11.467790
9873.098633 4.127075 1349.312744 0.000000 0.173675 0.000000 0.984803 17.138369 17.138369 17.138369
9863.121094 2.268799 1339.110352 0.000000 0.173675 0.000000 0.984803 17.138369 17.138369 17.138369
10620.398438 3.190308 1662.136963 0.000000 0.281542 0.000000 0.959549 28.364286 28.364286 28.364286
11215.709961 3.052246 1176.272827 0.000000 0.629120 0.000000 0.777309 16.655491 16.655491 16.655491
9607.033203 2.351196 1261.391479 0.000000 -0.801725 0.000000 0.597693 23.974882 23.974882 23.974882
"}
